
# Brick 1
# open gripper
set_joints([0.06, 0.06], [2.57847692352e-05, -0.785383047996, 9.56632650923e-05, -1.57084145831, -4.9785185419e-05, 1.04726898446, -5.94129648991e-05])
# going down
set_joints([0.06, 0.06], [-0.937438329409, -0.770705198176, -0.00944399535923, -2.18914406001, -0.00758223047886, 1.41902810506, -1.73131128582])
set_joints([0.06, 0.06], [-0.936970975189, -0.351643613424, -0.0099959017397, -1.21243967785, -0.00425970417066, 0.861513420109, -1.73526378654])
set_joints([0.06, 0.06], [-0.93781591973, -0.681229997793, -0.00854231847651, -1.94508197709, -0.00658206458417, 1.26329498789, -1.73141359116])
set_joints([0.06, 0.06], [-0.939702279126, -0.838306122988, -0.0094536915806, -2.43291546468, -0.00739134560975, 1.59549715104, -1.7302742154])
set_joints([0.06, 0.06], [-0.943701410991, -0.838786275231, -0.01, -2.8070688084, -0.00875598523522, 1.96892647585, -1.73166513535])
# close gripper
set_joints([0.06, 0.06], [-0.948019062265, -0.527770112852, -0.0086886475135, -3.03540240483, -0.00854483997691, 2.50829867662, -1.73333602378])
# going up

set_joints([0, 0], [-0.948019062265, -0.527770112852, -0.0086886475135, -3.03540240483, -0.00854483997691, 2.50829867662, -1.73333602378])
set_joints([0, 0], [-0.948019062265, -0.527770112852, -0.0086886475135, -3.03540240483, -0.00854483997691, 2.50829867662, -1.73333602378])
set_joints([0, 0], [-0.946714321118, -0.774143636284, -0.00848784992082, -2.91301505222, -0.0066076965583, 2.13795768691, -1.7352462328])
set_joints([0, 0], [-0.946698375239, -0.859757798743, -0.00631185844145, -2.71788133999, -0.0057934163541, 1.85886597196, -1.73370427835])
set_joints([0, 0], [-0.94573459564, -0.8463281232, -0.00592565280511, -2.47443775033, -0.00389854093575, 1.62766708765, -1.73456375945])
set_joints([0, 0], [-0.945347536672, -0.770283204978, -0.00540249280736, -2.1887367999, -0.0032076893955, 1.41741710647, -1.73472752355])
set_joints([0, 0], [2.78166065939, -0.157254765068, 0.0097359885396, -1.68508353319, 0.00158445874477, 1.52871733691, 2.0061802896])
# going down
set_joints([0, 0], [2.80382464128, -0.157353975641, -0.00974381748955, -1.68523169338, -0.00269946791618, 1.52797784939, -0.783783875001])
set_joints([0, 0], [2.80382464128, -0.157353975641, -0.00974381748955, -1.68523169338, -0.00269946791618, 1.52797784939, -0.783783875001])
set_joints([0, 0], [2.80362727325, -0.195690196722, -0.01, -1.96385511769, -0.00140392531363, 1.76746891021, -0.782977976366])
set_joints([0, 0], [2.80288583004, -0.166877353189, -0.00967095272627, -2.17090463427, -0.00286248765276, 2.00427654357, -0.783931956087])
set_joints([0, 0], [2.80290062395, -0.0695222868898, -0.01, -2.31211303815, -0.00124980051557, 2.24180951528, -0.783925923776])
# open gripper
set_joints([0, 0], [2.8026464479, 0.093424708222, -0.01, -2.38834433653, 0.000959173257421, 2.48141646887, -0.785382965622])
# going up

set_joints([0.06, 0.06], [2.8026464479, 0.093424708222, -0.01, -2.38834433653, 0.000959173257421, 2.48141646887, -0.785382965622])
set_joints([0.06, 0.06], [2.8026464479, 0.093424708222, -0.01, -2.38834433653, 0.000959173257421, 2.48141646887, -0.785382965622])
set_joints([0.06, 0.06], [2.80261133939, -0.0695841143971, -0.00993282480379, -2.31189819325, -0.00079316352615, 2.24106960404, -0.785317913721])
set_joints([0.06, 0.06], [2.80291394751, -0.166804908192, -0.00980881891137, -2.17078915543, -0.00120542333954, 2.00424888041, -0.783888862153])
set_joints([0.06, 0.06], [2.802911959, -0.195821308446, -0.00932333273282, -1.96439510192, -0.00263899303843, 1.76857814088, -0.782833474243])

# Brick 2
# open gripper
set_joints([0.06, 0.06], [2.80321243745, -0.15724553621, -0.00934699123191, -1.68495338723, -0.0017793577829, 1.52802901104, -0.784807264416])
# going down
set_joints([0.06, 0.06], [-1.59043680761, -0.926508806122, 0.00945583519753, -2.26645989803, 0.00780029587919, 1.34103013099, -2.36887508295])
set_joints([0.06, 0.06], [-1.59043680761, -0.926508806122, 0.00945583519753, -2.26645989803, 0.00780029587919, 1.34103013099, -2.36887508295])
set_joints([0.06, 0.06], [-1.58700960456, -1.02917127087, 0.0094429743715, -2.55926261831, 0.00845528983326, 1.52951764561, -2.36691636885])
set_joints([0.06, 0.06], [-1.58322449373, -1.08221556737, 0.00964106256324, -2.81890111588, 0.00892090061904, 1.73617423084, -2.36612176687])
set_joints([0.06, 0.06], [-1.57922535946, -1.04438650482, 0.00949366582869, -3.04145605734, 0.00975696160383, 1.99715251111, -2.36359553336])
# close gripper
set_joints([0.06, 0.06], [-1.57922535946, -1.04438650482, 0.00949366582869, -3.04145605734, 0.00975696160383, 1.99715251111, -2.36359553336])
# going up

set_joints([0, 0], [-1.57922535946, -1.04438650482, 0.00949366582869, -3.04145605734, 0.00975696160383, 1.99715251111, -2.36359553336])
set_joints([0, 0], [-1.57922535946, -1.04438650482, 0.00949366582869, -3.04145605734, 0.00975696160383, 1.99715251111, -2.36359553336])
set_joints([0, 0], [-1.57922535946, -1.04438650482, 0.00949366582869, -3.04145605734, 0.00975696160383, 1.99715251111, -2.36359553336])
set_joints([0, 0], [-1.58059849554, -1.08270849952, 0.00708897654734, -2.81941369277, 0.00749598794557, 1.73646548955, -2.36450494293])
set_joints([0, 0], [-1.58187144661, -1.03005436657, 0.00645237205943, -2.56037892195, 0.00540286121834, 1.53111915526, -2.36354010176])
set_joints([0, 0], [-1.58266847948, -0.926112680292, 0.00613569960046, -2.2661665487, 0.00386628149583, 1.34031472804, -2.36298387726])
set_joints([0, 0], [2.78157344599, -0.157367626898, 0.0098603867847, -1.68524056894, 0.00122138394376, 1.52867202671, 2.00543233931])
# going down
set_joints([0, 0], [2.80371509993, -0.156961496548, -0.00976156863751, -1.68461367735, -0.00253628823269, 1.52772704291, -0.783805985318])
set_joints([0, 0], [2.80371509993, -0.156961496548, -0.00976156863751, -1.68461367735, -0.00253628823269, 1.52772704291, -0.783805985318])
set_joints([0, 0], [2.80359966773, -0.183202475762, -0.0098546470331, -1.82291822419, -0.00176063290333, 1.63859233591, -0.783674946174])
set_joints([0, 0], [2.80365309039, -0.195391566488, -0.00989823715781, -1.94492502463, -0.00197907490268, 1.75052846238, -0.784376707395])
set_joints([0, 0], [2.80331826984, -0.192380953404, -0.00982399470414, -2.04954902999, -0.00215620535114, 1.85665289769, -0.784523679027])
# open gripper
set_joints([0, 0], [2.80307138033, -0.175693439025, -0.00976406323933, -2.14129464343, -0.00310221422896, 1.96557541011, -0.783395538685])
# going up

set_joints([0.06, 0.06], [2.80307138033, -0.175693439025, -0.00976406323933, -2.14129464343, -0.00310221422896, 1.96557541011, -0.783395538685])
set_joints([0.06, 0.06], [2.80307138033, -0.175693439025, -0.00976406323933, -2.14129464343, -0.00310221422896, 1.96557541011, -0.783395538685])
set_joints([0.06, 0.06], [2.80321932156, -0.192442553684, -0.00973660376084, -2.04956082911, -0.00240176214252, 1.85624749735, -0.783973165573])
set_joints([0.06, 0.06], [2.80337419697, -0.195465611773, -0.00978162689376, -1.94501983541, -0.00177525504341, 1.74962940086, -0.784927273868])
set_joints([0.06, 0.06], [2.80341195643, -0.183402628383, -0.00961871179775, -1.82310372497, -0.00151760162198, 1.63918776453, -0.784001062969])

# Brick 3
# open gripper
set_joints([0.06, 0.06], [2.80343420789, -0.156852107805, -0.00952691293898, -1.68446001169, -0.00159733385582, 1.52764897116, -0.783369970578])
# going down
set_joints([0.06, 0.06], [2.80343420789, -0.156852107805, -0.00952691293898, -1.68446001169, -0.00159733385582, 1.52764897116, -0.783369970578])
set_joints([0.06, 0.06], [2.80343420789, -0.156852107805, -0.00952691293898, -1.68446001169, -0.00159733385582, 1.52764897116, -0.783369970578])
set_joints([0.06, 0.06], [2.80343420789, -0.156852107805, -0.00952691293898, -1.68446001169, -0.00159733385582, 1.52764897116, -0.783369970578])
set_joints([0.06, 0.06], [2.80343420789, -0.156852107805, -0.00952691293898, -1.68446001169, -0.00159733385582, 1.52764897116, -0.783369970578])
set_joints([0.06, 0.06], [2.80343420789, -0.156852107805, -0.00952691293898, -1.68446001169, -0.00159733385582, 1.52764897116, -0.783369970578])
# close gripper
set_joints([0.06, 0.06], [2.80343420789, -0.156852107805, -0.00952691293898, -1.68446001169, -0.00159733385582, 1.52764897116, -0.783369970578])
# going up

set_joints([0, 0], [2.80343420789, -0.156852107805, -0.00952691293898, -1.68446001169, -0.00159733385582, 1.52764897116, -0.783369970578])
set_joints([0, 0], [2.80343420789, -0.156852107805, -0.00952691293898, -1.68446001169, -0.00159733385582, 1.52764897116, -0.783369970578])
set_joints([0, 0], [2.80343420789, -0.156852107805, -0.00952691293898, -1.68446001169, -0.00159733385582, 1.52764897116, -0.783369970578])
set_joints([0, 0], [2.80343420789, -0.156852107805, -0.00952691293898, -1.68446001169, -0.00159733385582, 1.52764897116, -0.783369970578])
set_joints([0, 0], [2.80343420789, -0.156852107805, -0.00952691293898, -1.68446001169, -0.00159733385582, 1.52764897116, -0.783369970578])
set_joints([0, 0], [2.80343420789, -0.156852107805, -0.00952691293898, -1.68446001169, -0.00159733385582, 1.52764897116, -0.783369970578])
set_joints([0, 0], [2.45545294219, -0.158777465974, -0.01, -1.68700480864, -0.00247885690999, 1.52901081157, 1.65953887125])
# going down
set_joints([0, 0], [2.45513442765, -0.15859013541, -0.01, -1.68626892409, -0.000902737775248, 1.52823148632, -0.783932170165])
set_joints([0, 0], [2.45513442765, -0.15859013541, -0.01, -1.68626892409, -0.000902737775248, 1.52823148632, -0.783932170165])
set_joints([0, 0], [2.45472108737, -0.197260066477, -0.00960644847649, -1.96567813301, -0.0022348409374, 1.76871176056, -0.782913100234])
set_joints([0, 0], [2.45442129514, -0.167970934216, -0.00968515511095, -2.17217162154, -0.00247584137692, 2.00446745178, -0.783325929748])
set_joints([0, 0], [2.45392989981, -0.07102303945, -0.00985585195746, -2.31401593954, -0.00229844216039, 2.2427416901, -0.783502837771])
# open gripper
set_joints([0, 0], [2.4537542256, 0.092641319873, -0.00967738338281, -2.3901876677, 0.00242075831088, 2.4832349054, -0.788036279633])
# going up

set_joints([0.06, 0.06], [2.4537542256, 0.092641319873, -0.00967738338281, -2.3901876677, 0.00242075831088, 2.4832349054, -0.788036279633])
set_joints([0.06, 0.06], [2.4537542256, 0.092641319873, -0.00967738338281, -2.3901876677, 0.00242075831088, 2.4832349054, -0.788036279633])
set_joints([0.06, 0.06], [2.45388208669, -0.0709167316422, -0.01, -2.31394701419, 0.000266918486834, 2.24339783993, -0.786441640148])
set_joints([0.06, 0.06], [2.45403872442, -0.167679027114, -0.00944694952909, -2.17141498342, -0.00228538833909, 2.00327217728, -0.782809784071])
set_joints([0.06, 0.06], [2.4542092367, -0.197253698951, -0.00916641963838, -1.96592399258, -0.00239881671244, 1.76909816994, -0.783196440089])

# Brick 4
# open gripper
set_joints([0.06, 0.06], [2.45441886475, -0.158190074208, -0.00930679136322, -1.68582307109, -0.00175928819275, 1.52744550644, -0.785097330338])
# going down
set_joints([0.06, 0.06], [-0.782248732667, -0.239117400554, 0.01, -1.77057551658, 0.00164510076254, 1.53133458102, -1.55736928705])
set_joints([0.06, 0.06], [-0.782248732667, -0.239117400554, 0.01, -1.77057551658, 0.00164510076254, 1.53133458102, -1.55736928705])
set_joints([0.06, 0.06], [-0.781785497361, -0.276828544925, 0.00978102306527, -2.04675220297, 0.00305508949512, 1.77052700373, -1.55755986608])
set_joints([0.06, 0.06], [-0.781139680546, -0.246340227127, 0.00999849888395, -2.25390504889, 0.00262563496171, 2.0084918103, -1.557253795])
set_joints([0.06, 0.06], [-0.780430590032, -0.145430099205, 0.00962021008102, -2.39849057559, 0.00282731962907, 2.25272155245, -1.55880197791])
# close gripper
set_joints([0.06, 0.06], [-0.78054566522, 0.0271975003408, 0.00997263490569, -2.47728772143, 0.000644823332414, 2.50448209094, -1.55710353084])
# going up

set_joints([0, 0], [-0.78054566522, 0.0271975003408, 0.00997263490569, -2.47728772143, 0.000644823332414, 2.50448209094, -1.55710353084])
set_joints([0, 0], [-0.78054566522, 0.0271975003408, 0.00997263490569, -2.47728772143, 0.000644823332414, 2.50448209094, -1.55710353084])
set_joints([0, 0], [-0.780181653255, -0.145308387467, 0.0096228318977, -2.39813942435, 0.00266494241048, 2.25208075958, -1.55685971277])
set_joints([0, 0], [-0.780158000023, -0.24615763171, 0.00885992423436, -2.25358411327, 0.00313434081668, 2.00730360564, -1.55912002793])
set_joints([0, 0], [-0.78042410512, -0.276634229393, 0.00865409529601, -2.04648985722, 0.00333068617081, 1.76978503044, -1.55733122812])
set_joints([0, 0], [-0.780708433544, -0.239233119664, 0.00881204844545, -1.77099471555, 0.00139969699415, 1.53238457509, -1.55672387441])
set_joints([0, 0], [2.4329418108, -0.15773473758, 0.00990287781393, -1.68507619078, 0.00148384505793, 1.5264154959, 1.65790683256])
# going down
set_joints([0, 0], [2.45492178574, -0.158549178863, -0.01, -1.68647679593, -0.000585796831083, 1.52831404672, -0.784194794632])
set_joints([0, 0], [2.45492178574, -0.158549178863, -0.01, -1.68647679593, -0.000585796831083, 1.52831404672, -0.784194794632])
set_joints([0, 0], [2.45486780414, -0.185274535192, -0.00952601123569, -1.82532700995, -0.00277818354213, 1.64035986368, -0.783357300776])
set_joints([0, 0], [2.45472557035, -0.196785747227, -0.00953770295295, -1.94603161498, -0.00310837986875, 1.7493867118, -0.782696206907])
set_joints([0, 0], [2.45470162507, -0.193417446476, -0.00964440584604, -2.05085666032, -0.00256286858386, 1.85668469348, -0.782619499626])
# open gripper
set_joints([0, 0], [2.45440346067, -0.176748493356, -0.00969902699939, -2.14209176307, -0.00218873901664, 1.96434885444, -0.783541611512])
# going up

set_joints([0.06, 0.06], [2.45440346067, -0.176748493356, -0.00969902699939, -2.14209176307, -0.00218873901664, 1.96434885444, -0.783541611512])
set_joints([0.06, 0.06], [2.45440346067, -0.176748493356, -0.00969902699939, -2.14209176307, -0.00218873901664, 1.96434885444, -0.783541611512])
set_joints([0.06, 0.06], [2.45434037456, -0.193694493011, -0.00950700174117, -2.05115209548, -0.00262843991468, 1.85732420382, -0.782865688683])
set_joints([0.06, 0.06], [2.45458085527, -0.196929103758, -0.00942109515873, -1.94642409726, -0.0019002963351, 1.75050658553, -0.783483455369])
set_joints([0.06, 0.06], [2.45475460722, -0.185022829654, -0.00960021672511, -1.82512345539, -0.000926720735702, 1.64012573165, -0.784795592828])

# Brick 5
# open gripper
set_joints([0.06, 0.06], [2.45469282, -0.158594324036, -0.00964753939508, -1.68655930128, -0.000624695352355, 1.52837415379, -0.784420456961])
# going down
set_joints([0.06, 0.06], [-1.08083150958, -0.545760760642, -0.01, -2.04133484742, -0.00415707466699, 1.49588153944, -1.87472165875])
set_joints([0.06, 0.06], [-1.08110084606, -0.545637286826, -0.00984928919295, -2.04113771031, -0.00418257822045, 1.49518417953, -1.87430533901])
set_joints([0.06, 0.06], [-1.08239618299, -0.595158564691, -0.00988275253968, -2.31774756065, -0.00538488964896, 1.72321354308, -1.87523717173])
set_joints([0.06, 0.06], [-1.08440503671, -0.576336365328, -0.00936536573289, -2.54031420778, -0.0064036234779, 1.96404213707, -1.87429646159])
set_joints([0.06, 0.06], [-1.08594328594, -0.469770456773, -0.00915087620002, -2.70719484342, -0.0068224394117, 2.23684264202, -1.87474439334])
# close gripper
set_joints([0.06, 0.06], [-1.08579647161, -0.253814861772, -0.01, -2.80301398653, -0.00499174807905, 2.54828035356, -1.87648690747])
# going up

set_joints([0, 0], [-1.08579647161, -0.253814861772, -0.01, -2.80301398653, -0.00499174807905, 2.54828035356, -1.87648690747])
set_joints([0, 0], [-1.08579647161, -0.253814861772, -0.01, -2.80301398653, -0.00499174807905, 2.54828035356, -1.87648690747])
set_joints([0, 0], [-1.08618280989, -0.469739193311, -0.00900183605172, -2.70699491942, -0.00598029085744, 2.23655698005, -1.87583019531])
set_joints([0, 0], [-1.08610045751, -0.57645060258, -0.0076042221774, -2.54037667875, -0.00544963230964, 1.96421789022, -1.87491111672])
set_joints([0, 0], [-1.08550480229, -0.595564797399, -0.00719016172158, -2.31797980615, -0.00392940633052, 1.72325397006, -1.8756006486])
set_joints([0, 0], [-1.08492119627, -0.546147994531, -0.00695223894873, -2.04186913452, -0.00386174215773, 1.49620951109, -1.87734953413])
set_joints([0, 0], [2.10547974141, -0.157267439034, -0.00989713826989, -1.68462829952, -0.00074017013559, 1.52657962365, 1.31086374043])
# going down
set_joints([0, 0], [2.10539526593, -0.157587326757, -0.00982289523235, -1.68517875352, -0.00205659751152, 1.52790273981, -0.783228074999])
set_joints([0, 0], [2.10551898129, -0.157324678295, -0.00998520035818, -1.68477632084, -0.00112906227352, 1.526921638, -0.784447820522])
set_joints([0, 0], [2.10523817668, -0.196206212833, -0.00969403981466, -1.96478954924, -0.00246671025172, 1.76798515808, -0.782603218235])
set_joints([0, 0], [2.10489475796, -0.166558282215, -0.01, -2.17034410648, -0.00200496073571, 2.00283563552, -0.784894757595])
set_joints([0, 0], [2.1044093169, -0.0699868520471, -0.00989081679183, -2.31254204373, -0.000271153182168, 2.24207594817, -0.784232504216])
# open gripper
set_joints([0, 0], [2.1043917877, 0.0931878943552, -0.00991347197691, -2.38835680279, 0.00135706851384, 2.48029107144, -0.786784742531])
# going up

set_joints([0.06, 0.06], [2.1043917877, 0.0931878943552, -0.00991347197691, -2.38835680279, 0.00135706851384, 2.48029107144, -0.786784742531])
set_joints([0.06, 0.06], [2.1043917877, 0.0931878943552, -0.00991347197691, -2.38835680279, 0.00135706851384, 2.48029107144, -0.786784742531])
set_joints([0.06, 0.06], [2.10432907943, -0.0701174053035, -0.00973940954167, -2.31281209645, -0.00221431461942, 2.24244066435, -0.783851023886])
set_joints([0.06, 0.06], [2.10454826812, -0.166951572105, -0.00932778588817, -2.171014236, -0.00312200912953, 2.00401939915, -0.78405809295])
set_joints([0.06, 0.06], [2.10473698207, -0.196482048923, -0.00941646532352, -1.96521814644, -0.0015119658797, 1.76967605283, -0.785004292451])

# Brick 6
# open gripper
set_joints([0.06, 0.06], [2.10471377918, -0.157238744638, -0.00949289671121, -1.6847063577, -0.000561442903214, 1.52722051489, -0.78484662177])
# going down
set_joints([0.06, 0.06], [-1.55566513668, -0.666302804628, -0.00957855459323, -2.12566774675, -0.00574398696434, 1.4590437161, -2.34910750281])
set_joints([0.06, 0.06], [-1.55566513668, -0.666302804628, -0.00957855459323, -2.12566774675, -0.00574398696434, 1.4590437161, -2.34910750281])
set_joints([0.06, 0.06], [-1.5572489667, -0.727432603011, -0.00968916832132, -2.40565404373, -0.00653397363611, 1.67701505332, -2.34867075856])
set_joints([0.06, 0.06], [-1.55958954336, -0.722499153989, -0.00965087789504, -2.63890406552, -0.00684438448578, 1.91549742214, -2.35015963574])
set_joints([0.06, 0.06], [-1.56168661793, -0.623225185254, -0.00920802152083, -2.82028720658, -0.00731345223945, 2.19666132573, -2.34988758981])
# close gripper
set_joints([0.06, 0.06], [-1.56338654182, -0.389276666176, -0.00885538914708, -2.9283883733, -0.00774305982787, 2.53913529771, -2.3510455986])
# going up

set_joints([0, 0], [-1.56338654182, -0.389276666176, -0.00885538914708, -2.9283883733, -0.00774305982787, 2.53913529771, -2.3510455986])
set_joints([0, 0], [-1.56338654182, -0.389276666176, -0.00885538914708, -2.9283883733, -0.00774305982787, 2.53913529771, -2.3510455986])
set_joints([0, 0], [-1.56294408821, -0.623427815666, -0.00827062641389, -2.82090779445, -0.00591297932875, 2.19832086979, -2.35111070866])
set_joints([0, 0], [-1.56251991931, -0.723483655851, -0.00698583959919, -2.63993450519, -0.00518485868106, 1.91750570669, -2.3511906409])
set_joints([0, 0], [-1.5624652086, -0.727970974725, -0.00562422867714, -2.40660805411, -0.00504113885192, 1.67864455787, -2.35056948848])
set_joints([0, 0], [-1.56174506257, -0.6666741553, -0.005989293509, -2.12641383691, -0.00302826457547, 1.46045547175, -2.35192810863])
set_joints([0, 0], [2.08339552903, -0.157848867922, 0.00971591134908, -1.685742173, 0.00193051078132, 1.52822599295, 1.30777233125])
# going down
set_joints([0, 0], [2.10524852209, -0.157163195185, -0.00974580773526, -1.68450227847, -0.00161563378606, 1.52677164148, -0.783329531821])
set_joints([0, 0], [2.10540553869, -0.157073229798, -0.00972092314388, -1.68453131246, -0.00134871125192, 1.52651675665, -0.784186873099])
set_joints([0, 0], [2.10530839801, -0.183969947363, -0.00980840889352, -1.82368365697, -0.00158558071968, 1.63870551547, -0.783966654733])
set_joints([0, 0], [2.1053138745, -0.196051440433, -0.00965562243883, -1.94541796491, -0.00254787206769, 1.74979247026, -0.784049733408])
set_joints([0, 0], [2.10512222173, -0.193114245728, -0.00975736850963, -2.05075313901, -0.00262915975713, 1.85826184244, -0.782999884172])
# open gripper
set_joints([0, 0], [2.10461367778, -0.175974061668, -0.00968900546228, -2.14150701701, -0.00198738427527, 1.96486788574, -0.783068130773])
# going up

set_joints([0.06, 0.06], [2.10461367778, -0.175974061668, -0.00968900546228, -2.14150701701, -0.00198738427527, 1.96486788574, -0.783068130773])
set_joints([0.06, 0.06], [2.10461367778, -0.175974061668, -0.00968900546228, -2.14150701701, -0.00198738427527, 1.96486788574, -0.783068130773])
set_joints([0.06, 0.06], [2.10475886215, -0.193141992833, -0.00960120466952, -2.05062615332, -0.00131426484492, 1.85784276784, -0.78313699903])
set_joints([0.06, 0.06], [2.10482417203, -0.195341925024, -0.00949557029202, -1.9445002223, -0.00140423020981, 1.7484742835, -0.783263669323])
set_joints([0.06, 0.06], [2.10493668822, -0.184014001153, -0.00923521816806, -1.82387978615, -0.00191599363869, 1.63876851485, -0.783117580941])

# Brick 7
# open gripper
set_joints([0.06, 0.06], [2.10488767518, -0.157561870955, -0.00941845370077, -1.68535887111, -0.00157700895992, 1.52756550147, -0.78330234206])
# going down
set_joints([0.06, 0.06], [-2.03236890259, -0.546445854452, -0.00986750252502, -2.04227137576, -0.00463240257522, 1.49698246739, -2.82586782662])
set_joints([0.06, 0.06], [-2.03236890259, -0.546445854452, -0.00986750252502, -2.04227137576, -0.00463240257522, 1.49698246739, -2.82586782662])
set_joints([0.06, 0.06], [-2.03325801117, -0.595020088174, -0.01, -2.31754200307, -0.00605862027562, 1.72177743448, -2.82586152403])
set_joints([0.06, 0.06], [-2.03559155568, -0.576585363608, -0.00952435601805, -2.54079589161, -0.00542709642814, 1.96508717174, -2.82616415411])
set_joints([0.06, 0.06], [-2.03665793579, -0.470462666515, -0.01, -2.70803657264, -0.0056174442767, 2.23834304792, -2.82727592244])
# close gripper
set_joints([0.06, 0.06], [-2.03741259475, -0.25389626289, -0.00968325342166, -2.80324660936, -0.00550966193114, 2.54858625788, -2.82791108293])
# going up

set_joints([0, 0], [-2.03741259475, -0.25389626289, -0.00968325342166, -2.80324660936, -0.00550966193114, 2.54858625788, -2.82791108293])
set_joints([0, 0], [-2.03741259475, -0.25389626289, -0.00968325342166, -2.80324660936, -0.00550966193114, 2.54858625788, -2.82791108293])
set_joints([0, 0], [-2.03778472053, -0.470092029796, -0.00903165714301, -2.70715147715, -0.00563584659616, 2.23607242828, -2.82720586485])
set_joints([0, 0], [-2.03531161335, -0.576530955709, -0.01, -2.54064019961, -0.00500193017624, 1.96475090759, -2.82673129762])
set_joints([0, 0], [-2.03518455131, -0.595112290715, -0.00852738123077, -2.31759525266, -0.00484561957704, 1.72247595941, -2.82592666177])
set_joints([0, 0], [-2.03477488087, -0.546009462779, -0.00793367042284, -2.04166402409, -0.00454487920813, 1.49597703413, -2.82657662706])
set_joints([0, 0], [1.75692120574, -0.158314349264, -0.01, -1.68574358653, -0.000864202106176, 1.52683499051, 0.960874337254])
# going down
set_joints([0, 0], [1.75676406246, -0.159097631208, -0.00964094842156, -1.68694933999, -0.00189366944428, 1.52818490966, -0.783415606625])
set_joints([0, 0], [1.75676406246, -0.159097631208, -0.00964094842156, -1.68694933999, -0.00189366944428, 1.52818490966, -0.783415606625])
set_joints([0, 0], [1.75662127209, -0.197820035743, -0.00961319498255, -1.96646318187, -0.00280271764825, 1.76894220029, -0.782813723973])
set_joints([0, 0], [1.75611019334, -0.167912647393, -0.00963638275355, -2.17168630517, -0.00230390483759, 2.00303168834, -0.783346930988])
set_joints([0, 0], [1.75581465181, -0.0710963232046, -0.00986204733296, -2.31371043362, -0.00107879424276, 2.24192480888, -0.783674980539])
# open gripper
set_joints([0, 0], [1.75525085717, 0.092445912983, -0.00933414836832, -2.39018402856, 0.00345742615145, 2.48272246207, -0.788634193491])
# going up

set_joints([0.06, 0.06], [1.75525085717, 0.092445912983, -0.00933414836832, -2.39018402856, 0.00345742615145, 2.48272246207, -0.788634193491])
set_joints([0.06, 0.06], [1.75525085717, 0.092445912983, -0.00933414836832, -2.39018402856, 0.00345742615145, 2.48272246207, -0.788634193491])
set_joints([0.06, 0.06], [1.7556724366, -0.0711361976498, -0.0096583558549, -2.31426563019, -0.00229425301972, 2.24337822857, -0.782860646958])
set_joints([0.06, 0.06], [1.75572901732, -0.167993608394, -0.00925042929999, -2.17185284673, -0.0027027804836, 2.00350372031, -0.782785326439])
set_joints([0.06, 0.06], [1.75602922932, -0.197633965783, -0.00936891329012, -1.96630385404, -0.000944436172012, 1.76861080292, -0.784407464173])

# Brick 8
# open gripper
set_joints([0.06, 0.06], [1.75603475718, -0.158442972658, -0.00913812343384, -1.68584233999, -0.00151891265431, 1.52656244852, -0.783679719249])
# going down
set_joints([0.06, 0.06], [1.75603475718, -0.158442972658, -0.00913812343384, -1.68584233999, -0.00151891265431, 1.52656244852, -0.783679719249])
set_joints([0.06, 0.06], [1.75603475718, -0.158442972658, -0.00913812343384, -1.68584233999, -0.00151891265431, 1.52656244852, -0.783679719249])
set_joints([0.06, 0.06], [1.75603475718, -0.158442972658, -0.00913812343384, -1.68584233999, -0.00151891265431, 1.52656244852, -0.783679719249])
set_joints([0.06, 0.06], [1.75603475718, -0.158442972658, -0.00913812343384, -1.68584233999, -0.00151891265431, 1.52656244852, -0.783679719249])
set_joints([0.06, 0.06], [1.75603475718, -0.158442972658, -0.00913812343384, -1.68584233999, -0.00151891265431, 1.52656244852, -0.783679719249])
# close gripper
set_joints([0.06, 0.06], [1.75603475718, -0.158442972658, -0.00913812343384, -1.68584233999, -0.00151891265431, 1.52656244852, -0.783679719249])
# going up

set_joints([0, 0], [1.75603475718, -0.158442972658, -0.00913812343384, -1.68584233999, -0.00151891265431, 1.52656244852, -0.783679719249])
set_joints([0, 0], [1.75603475718, -0.158442972658, -0.00913812343384, -1.68584233999, -0.00151891265431, 1.52656244852, -0.783679719249])
set_joints([0, 0], [1.75603475718, -0.158442972658, -0.00913812343384, -1.68584233999, -0.00151891265431, 1.52656244852, -0.783679719249])
set_joints([0, 0], [1.75603475718, -0.158442972658, -0.00913812343384, -1.68584233999, -0.00151891265431, 1.52656244852, -0.783679719249])
set_joints([0, 0], [1.75603475718, -0.158442972658, -0.00913812343384, -1.68584233999, -0.00151891265431, 1.52656244852, -0.783679719249])
set_joints([0, 0], [1.75603475718, -0.158442972658, -0.00913812343384, -1.68584233999, -0.00151891265431, 1.52656244852, -0.783679719249])
set_joints([0, 0], [1.73476613357, -0.158137975765, 0.00967504139214, -1.68576240994, 0.00185180035072, 1.52653279608, 0.958202384845])
# going down
set_joints([0, 0], [1.75675458419, -0.158995580024, -0.00977097509895, -1.6871028851, -0.00158109553407, 1.52919915312, -0.78322656992])
set_joints([0, 0], [1.75675458419, -0.158995580024, -0.00977097509895, -1.6871028851, -0.00158109553407, 1.52919915312, -0.78322656992])
set_joints([0, 0], [1.75674412042, -0.184872456814, -0.0096522154022, -1.8246043407, -0.00223943688321, 1.63903976628, -0.783449607929])
set_joints([0, 0], [1.75668280441, -0.196845996364, -0.00960455599466, -1.94613415191, -0.00234538659883, 1.74929522336, -0.782565838924])
set_joints([0, 0], [1.75657367537, -0.194130330849, -0.00999094939361, -2.0514874702, -0.00120672279806, 1.85741073785, -0.784294572727])
# open gripper
set_joints([0, 0], [1.75644386645, -0.177563306704, -0.009959729318, -2.14325537214, -0.00155722932048, 1.96635805793, -0.78475079163])
# going up

set_joints([0.06, 0.06], [1.75644386645, -0.177563306704, -0.009959729318, -2.14325537214, -0.00155722932048, 1.96635805793, -0.78475079163])
set_joints([0.06, 0.06], [1.75644386645, -0.177563306704, -0.009959729318, -2.14325537214, -0.00155722932048, 1.96635805793, -0.78475079163])
set_joints([0.06, 0.06], [1.7563940999, -0.194548719193, -0.00973953302576, -2.05224414665, -0.00150681758648, 1.85855572151, -0.783340370722])
set_joints([0.06, 0.06], [1.75682444033, -0.196685225738, -0.00989769793089, -1.94589806811, -0.00280003159798, 1.74869845455, -0.783855589414])
set_joints([0.06, 0.06], [1.75683880294, -0.18566252577, -0.00980138351287, -1.82582406401, -0.00222439544859, 1.64102998166, -0.782976602258])

# Brick 9
# open gripper
set_joints([0.06, 0.06], [1.75690256537, -0.15903957924, -0.01, -1.68681129356, -0.000952156985851, 1.52847170552, -0.783702264169])
# going down
set_joints([0.06, 0.06], [-0.880118051362, -0.0263657487985, -0.00982722167358, -1.53565426216, -0.000788595646399, 1.50979683112, -1.67496866749])
set_joints([0.06, 0.06], [-0.880118051362, -0.0263657487985, -0.00982722167358, -1.53565426216, -0.000788595646399, 1.50979683112, -1.67496866749])
set_joints([0.06, 0.06], [-0.880072593989, -0.0716891470412, -0.00984021976792, -1.82751297537, -0.000306625350451, 1.75634918504, -1.67475542753])
set_joints([0.06, 0.06], [-0.880326317999, -0.0455178375418, -0.00999514348909, -2.03374872874, 0.000263727242769, 1.98727647657, -1.67573655251])
set_joints([0.06, 0.06], [-0.880196924902, 0.0436776409936, -0.00995992891551, -2.17399870671, -0.000538192364447, 2.21808077085, -1.6750937497])
# close gripper
set_joints([0.06, 0.06], [-0.880413378706, 0.193406809696, -0.00972313500027, -2.24709178404, 0.00139353844633, 2.44033082864, -1.67729316438])
# going up

set_joints([0, 0], [-0.880413378706, 0.193406809696, -0.00972313500027, -2.24709178404, 0.00139353844633, 2.44033082864, -1.67729316438])
set_joints([0, 0], [-0.880413378706, 0.193406809696, -0.00972313500027, -2.24709178404, 0.00139353844633, 2.44033082864, -1.67729316438])
set_joints([0, 0], [-0.880501632787, 0.043971153736, -0.00993783913161, -2.1735246118, 0.00125010982869, 2.21653052215, -1.67643378501])
set_joints([0, 0], [-0.880083604311, -0.0460603526434, -0.00980968608893, -2.03496425229, -0.00100890085076, 1.98995444227, -1.67464995199])
set_joints([0, 0], [-0.880109409867, -0.0711435574073, -0.00988176591018, -1.82679475367, -0.00106433619229, 1.75507952998, -1.67478708094])
set_joints([0, 0], [-0.900193194787, -0.0259343281433, 0.01, -1.53501564937, -0.000693955641691, 1.50848419601, -1.67492942573])
set_joints([0, 0], [1.38477768268, -0.158170634789, 0.00986059469015, -1.6856383719, 0.00170495287186, 1.52678251497, 0.608755779672])
# going down
set_joints([0, 0], [1.38480074109, -0.159038688833, 0.00986010779198, -1.68685324313, 0.0010932022861, 1.528101031, 2.35431993888])
set_joints([0, 0], [1.38480074109, -0.159038688833, 0.00986010779198, -1.68685324313, 0.0010932022861, 1.528101031, 2.35431993888])
set_joints([0, 0], [1.38493682119, -0.197713761028, 0.00981982617235, -1.96637799761, 0.00158240803239, 1.76954073258, 2.35438511255])
set_joints([0, 0], [1.38532556244, -0.168231256465, 0.00986602231456, -2.17237501087, 0.00220446859806, 2.00515435573, 2.35415331391])
set_joints([0, 0], [1.38579613425, -0.0711390339652, 0.00986333665168, -2.3138829999, 0.00136439935564, 2.24233996081, 2.35557832977])
# open gripper
set_joints([0, 0], [1.3859735943, 0.0925803542093, 0.0097551335732, -2.38980222773, -0.00124029097253, 2.48131200571, 2.35770142056])
# going up

set_joints([0.06, 0.06], [1.3859735943, 0.0925803542093, 0.0097551335732, -2.38980222773, -0.00124029097253, 2.48131200571, 2.35770142056])
set_joints([0.06, 0.06], [1.3859735943, 0.0925803542093, 0.0097551335732, -2.38980222773, -0.00124029097253, 2.48131200571, 2.35770142056])
set_joints([0.06, 0.06], [1.38584551644, -0.0711208230732, 0.0098046688685, -2.31439478731, 0.001497045061, 2.24416004524, 2.35490614645])
set_joints([0.06, 0.06], [1.3856067756, -0.167744841249, 0.009617427326, -2.17169321096, 0.00119083289678, 2.00344605975, 2.35419039894])
set_joints([0.06, 0.06], [1.38550068231, -0.197522477647, 0.00935404401165, -1.96608047093, 0.00174010112814, 1.76930255782, 2.35426533469])

# Brick 10
# open gripper
set_joints([0.06, 0.06], [1.38533994715, -0.158863363158, 0.00918568525666, -1.68665940249, 0.00187064351667, 1.52847097774, 2.35415157864])
# going down
set_joints([0.06, 0.06], [-1.17441287217, -0.302198433333, -0.00929931205525, -1.83296782236, -0.00387772376205, 1.53029662436, -1.9680639186])
set_joints([0.06, 0.06], [-1.17441287217, -0.302198433333, -0.00929931205525, -1.83296782236, -0.00387772376205, 1.53029662436, -1.9680639186])
set_joints([0.06, 0.06], [-1.17487468924, -0.340088115282, -0.00950769888165, -2.10683945195, -0.00337407250605, 1.76678721873, -1.96808923608])
set_joints([0.06, 0.06], [-1.17562288711, -0.310327987575, -0.0096617608772, -2.31621835558, -0.00420361252662, 2.00624751907, -1.96844350286])
set_joints([0.06, 0.06], [-1.1761845653, -0.206691248425, -0.00984514044953, -2.46405889675, -0.00159506956642, 2.25709996785, -1.96977393504])
# close gripper
set_joints([0.06, 0.06], [-1.17620570461, -0.0255863873425, -0.00992425361904, -2.54498104258, 0.000932848693075, 2.51884110761, -1.97167388722])
# going up

set_joints([0, 0], [-1.17620570461, -0.0255863873425, -0.00992425361904, -2.54498104258, 0.000932848693075, 2.51884110761, -1.97167388722])
set_joints([0, 0], [-1.17620570461, -0.0255863873425, -0.00992425361904, -2.54498104258, 0.000932848693075, 2.51884110761, -1.97167388722])
set_joints([0, 0], [-1.17624128638, -0.206712927635, -0.00963540531176, -2.46400593767, -0.00331306457168, 2.25655218159, -1.96945933219])
set_joints([0, 0], [-1.17613281622, -0.310039302653, -0.00931390636811, -2.3159629026, -0.00297509506264, 2.00511013683, -1.96947924797])
set_joints([0, 0], [-1.17611794832, -0.340032006121, -0.00851613266505, -2.1071660734, -0.00384988591035, 1.7674706697, -1.96882300345])
set_joints([0, 0], [-1.17593966454, -0.30237049541, -0.00825353196145, -1.83323735394, -0.00301054457378, 1.53128867397, -1.96857563072])
set_joints([0, 0], [1.38448944729, -0.158112255566, 0.01, -1.68560769351, 0.00137341844184, 1.52614357906, 0.609009164676])
# going down
set_joints([0, 0], [1.38470988294, -0.158214385525, 0.00980827085335, -1.685583544, 0.00161610493008, 1.5263892681, 2.35429671312])
set_joints([0, 0], [1.38470988294, -0.158214385525, 0.00980827085335, -1.685583544, 0.00161610493008, 1.5263892681, 2.35429671312])
set_joints([0, 0], [1.38475602313, -0.184895946561, 0.00985582678599, -1.82484572112, 0.00132393716928, 1.63905098421, 2.35406589442])
set_joints([0, 0], [1.38500457579, -0.197178106969, 0.01, -1.94663914875, 0.000879862452319, 1.74961707123, 2.35472137028])
set_joints([0, 0], [1.38505853359, -0.194375094365, 0.00977781461076, -2.0519269988, 0.00233227257048, 1.85825975106, 2.35459872615])
# open gripper
set_joints([0, 0], [1.38533191811, -0.177554409591, 0.00980696935765, -2.14342671409, 0.0021841893099, 1.96580304302, 2.35368309882])
# going up

set_joints([0.06, 0.06], [1.38533191811, -0.177554409591, 0.00980696935765, -2.14342671409, 0.0021841893099, 1.96580304302, 2.35368309882])
set_joints([0.06, 0.06], [1.38533191811, -0.177554409591, 0.00980696935765, -2.14342671409, 0.0021841893099, 1.96580304302, 2.35368309882])
set_joints([0.06, 0.06], [1.38507458441, -0.194202678632, 0.00991410862609, -2.05163619503, 0.000737851842326, 1.85723779763, 2.35475464178])
set_joints([0.06, 0.06], [1.38516972239, -0.19716942111, 0.00947237421427, -1.9468575029, 0.00237295691756, 1.75024527604, 2.35355023858])
set_joints([0.06, 0.06], [1.38497260469, -0.18583331001, 0.00957266312295, -1.82643389912, 0.00197105849574, 1.64170967361, 2.35526930308])

# Brick 11
# open gripper
set_joints([0.06, 0.06], [1.38506268676, -0.158098063865, 0.00965474178885, -1.6853641448, 0.00146009556267, 1.5261019347, 2.3546192582])
# going down
set_joints([0.06, 0.06], [-1.55797826412, -0.401552654379, -0.00987856923107, -1.92420088127, -0.00298797018054, 1.52243479408, -2.3519795998])
set_joints([0.06, 0.06], [-1.55781389309, -0.401244651826, -0.00983952815344, -1.92341503435, -0.00395501718254, 1.52159122322, -2.35344176516])
set_joints([0.06, 0.06], [-1.559279568, -0.442255506337, -0.00941259525666, -2.19757284267, -0.003930149423, 1.75614830634, -2.3516374769])
set_joints([0.06, 0.06], [-1.55968349797, -0.414620388922, -0.00997205155456, -2.4112580445, -0.0049923126613, 1.99694263912, -2.35126584862])
set_joints([0.06, 0.06], [-1.56077619939, -0.308191667086, -0.01, -2.56561438107, -0.0045798884002, 2.25770924746, -2.35231343])
# close gripper
set_joints([0.06, 0.06], [-1.56119094517, -0.11366095819, -0.00966002733423, -2.6514437951, -0.00182692441085, 2.53732077156, -2.3556191236])
# going up

set_joints([0, 0], [-1.56119094517, -0.11366095819, -0.00966002733423, -2.6514437951, -0.00182692441085, 2.53732077156, -2.3556191236])
set_joints([0, 0], [-1.56119094517, -0.11366095819, -0.00966002733423, -2.6514437951, -0.00182692441085, 2.53732077156, -2.3556191236])
set_joints([0, 0], [-1.56137737517, -0.308369584445, -0.00921117219965, -2.56580922351, -0.00325254252135, 2.25797552549, -2.35284133945])
set_joints([0, 0], [-1.56150283544, -0.415067017252, -0.00863130082638, -2.4118400299, -0.00351891974776, 1.99786627726, -2.35244395732])
set_joints([0, 0], [-1.56121132553, -0.441570860701, -0.00792544371173, -2.19677333199, -0.00341374985609, 1.75400800795, -2.35267052084])
set_joints([0, 0], [-1.56096900364, -0.401229946345, -0.00717221227148, -1.92378543854, -0.00401956714069, 1.52236839543, -2.35259968004])
set_joints([0, 0], [1.05816966383, -0.158047162281, -0.00956562618005, -1.68590004234, -0.00225087315809, 1.52860171518, 0.2638386313])
# going down
set_joints([0, 0], [1.03610830828, -0.157752967169, 0.00966912596227, -1.68544513733, 0.00220030165635, 1.52765488747, 2.3538453517])
set_joints([0, 0], [1.03610830828, -0.157752967169, 0.00966912596227, -1.68544513733, 0.00220030165635, 1.52765488747, 2.3538453517])
set_joints([0, 0], [1.03613826388, -0.196781988722, 0.0099113814582, -1.96566309166, 0.00197023128737, 1.77027916432, 2.35429726205])
set_joints([0, 0], [1.03676910028, -0.166645739688, 0.01, -2.17041850838, 0.00137772454042, 2.00287918077, 2.35569846898])
set_joints([0, 0], [1.03714301918, -0.0701314592348, 0.00987895216577, -2.31254448205, 0.00124942359691, 2.24152065178, 2.35525065896])
# open gripper
set_joints([0, 0], [1.0372639454, 0.093400808137, 0.00997762971681, -2.38883216122, -0.000182989534703, 2.48222130927, 2.35653343994])
# going up

set_joints([0.06, 0.06], [1.0372639454, 0.093400808137, 0.00997762971681, -2.38883216122, -0.000182989534703, 2.48222130927, 2.35653343994])
set_joints([0.06, 0.06], [1.0372639454, 0.093400808137, 0.00997762971681, -2.38883216122, -0.000182989534703, 2.48222130927, 2.35653343994])
set_joints([0.06, 0.06], [1.0372939829, -0.0701936961218, 0.01, -2.31329640108, -0.000129707338574, 2.2437080742, 2.35614441673])
set_joints([0.06, 0.06], [1.03709300155, -0.166767745013, 0.00954508483996, -2.17050567526, 0.00251295515723, 2.00314852556, 2.354640673])
set_joints([0.06, 0.06], [1.03698612331, -0.195997557, 0.00929317250164, -1.96413314667, 0.00194122230445, 1.76706198026, 2.35384693919])

# Brick 12
# open gripper
set_joints([0.06, 0.06], [1.03677995591, -0.158034455196, 0.0093047731596, -1.68603017898, 0.00163928635932, 1.52883713392, 2.35492995526])
# going down
set_joints([0.06, 0.06], [-1.9427219201, -0.302286743618, -0.01, -1.83313723328, -0.00389530855672, 1.53150154438, -2.73761473431])
set_joints([0.06, 0.06], [-1.94337300826, -0.302549722153, -0.00982061360981, -1.83350442027, -0.00191066657149, 1.53105944943, -2.73752085491])
set_joints([0.06, 0.06], [-1.9438203732, -0.339641951937, -0.00983799105584, -2.10657026905, -0.00362464181483, 1.76622605162, -2.73731378789])
set_joints([0.06, 0.06], [-1.94518461869, -0.310058217118, -0.0093051003394, -2.31629148588, -0.00410363808376, 2.00670030834, -2.73684781095])
set_joints([0.06, 0.06], [-1.94528688537, -0.206903199677, -0.0099554510636, -2.46472597587, -0.00374786101948, 2.25821898206, -2.73784922992])
# close gripper
set_joints([0.06, 0.06], [-1.94560292513, -0.0257229492591, -0.00996185484019, -2.54498304375, -0.000709624804241, 2.51833345867, -2.73959455577])
# going up

set_joints([0, 0], [-1.94560292513, -0.0257229492591, -0.00996185484019, -2.54498304375, -0.000709624804241, 2.51833345867, -2.73959455577])
set_joints([0, 0], [-1.94560292513, -0.0257229492591, -0.00996185484019, -2.54498304375, -0.000709624804241, 2.51833345867, -2.73959455577])
set_joints([0, 0], [-1.94582465675, -0.206573979256, -0.00943630610124, -2.46416805371, -0.00343990749665, 2.25717503289, -2.7377114084])
set_joints([0, 0], [-1.94561419243, -0.309796854182, -0.00903834345711, -2.31571665959, -0.0029050715961, 2.00514245093, -2.73762244934])
set_joints([0, 0], [-1.9452191471, -0.339672779573, -0.00895210187999, -2.10653024218, -0.00217907034568, 1.76618341386, -2.73909207352])
set_joints([0, 0], [-1.94523948058, -0.302020247035, -0.00815902658456, -1.83279876476, -0.00329303290045, 1.53082134069, -2.73760507611])
set_joints([0, 0], [1.03625346082, -0.157861252883, 0.00979037490237, -1.68578826368, 0.000681186243759, 1.52833372539, 0.260380909944])
# going down
set_joints([0, 0], [1.03621578249, -0.157760262934, 0.00962061739483, -1.68548030582, 0.00220006376254, 1.52825294638, 2.35425941703])
set_joints([0, 0], [1.03621578249, -0.157760262934, 0.00962061739483, -1.68548030582, 0.00220006376254, 1.52825294638, 2.35425941703])
set_joints([0, 0], [1.0362408346, -0.184127404676, 0.00964535994849, -1.82377843607, 0.00206105278526, 1.63919681913, 2.35395839182])
set_joints([0, 0], [1.03646623959, -0.195617263656, 0.00960917021185, -1.94454095697, 0.00196606307281, 1.74817213816, 2.3542339116])
set_joints([0, 0], [1.03666144613, -0.193176930512, 0.00964308006632, -2.05077924401, 0.0019002716907, 1.85813514714, 2.35362961552])
# open gripper
set_joints([0, 0], [1.03678164156, -0.176587855101, 0.00958920196485, -2.14228183168, 0.00291263910959, 1.96586959822, 2.35375283056])
# going up

set_joints([0.06, 0.06], [1.03678164156, -0.176587855101, 0.00958920196485, -2.14228183168, 0.00291263910959, 1.96586959822, 2.35375283056])
set_joints([0.06, 0.06], [1.03678164156, -0.176587855101, 0.00958920196485, -2.14228183168, 0.00291263910959, 1.96586959822, 2.35375283056])
set_joints([0.06, 0.06], [1.03667213612, -0.192790966983, 0.00967650330713, -2.04984725001, 0.00192545215498, 1.85608158192, 2.35445548844])
set_joints([0.06, 0.06], [1.0365959668, -0.195407720405, 0.00959541296367, -1.94436271996, 0.00178024925329, 1.74806467362, 2.3545987949])
set_joints([0.06, 0.06], [1.03658065321, -0.184372051571, 0.00940068560238, -1.82446229721, 0.00189186069248, 1.64007857198, 2.35380336988])

# Brick 13
# open gripper
set_joints([0.06, 0.06], [1.03655782019, -0.157876717096, 0.00942357764208, -1.68587664672, 0.0022460686925, 1.5284634519, 2.35400884594])
# going down
set_joints([0.06, 0.06], [1.03655782019, -0.157876717096, 0.00942357764208, -1.68587664672, 0.0022460686925, 1.5284634519, 2.35400884594])
set_joints([0.06, 0.06], [1.03655782019, -0.157876717096, 0.00942357764208, -1.68587664672, 0.0022460686925, 1.5284634519, 2.35400884594])
set_joints([0.06, 0.06], [1.03655782019, -0.157876717096, 0.00942357764208, -1.68587664672, 0.0022460686925, 1.5284634519, 2.35400884594])
set_joints([0.06, 0.06], [1.03655782019, -0.157876717096, 0.00942357764208, -1.68587664672, 0.0022460686925, 1.5284634519, 2.35400884594])
set_joints([0.06, 0.06], [1.03655782019, -0.157876717096, 0.00942357764208, -1.68587664672, 0.0022460686925, 1.5284634519, 2.35400884594])
# close gripper
set_joints([0.06, 0.06], [1.03655782019, -0.157876717096, 0.00942357764208, -1.68587664672, 0.0022460686925, 1.5284634519, 2.35400884594])
# going up

set_joints([0, 0], [1.03655782019, -0.157876717096, 0.00942357764208, -1.68587664672, 0.0022460686925, 1.5284634519, 2.35400884594])
set_joints([0, 0], [1.03655782019, -0.157876717096, 0.00942357764208, -1.68587664672, 0.0022460686925, 1.5284634519, 2.35400884594])
set_joints([0, 0], [1.03655782019, -0.157876717096, 0.00942357764208, -1.68587664672, 0.0022460686925, 1.5284634519, 2.35400884594])
set_joints([0, 0], [1.03655782019, -0.157876717096, 0.00942357764208, -1.68587664672, 0.0022460686925, 1.5284634519, 2.35400884594])
set_joints([0, 0], [1.03655782019, -0.157876717096, 0.00942357764208, -1.68587664672, 0.0022460686925, 1.5284634519, 2.35400884594])
set_joints([0, 0], [1.03655782019, -0.157876717096, 0.00942357764208, -1.68587664672, 0.0022460686925, 1.5284634519, 2.35400884594])
set_joints([0, 0], [0.708839040698, -0.158709159727, -0.00976651775587, -1.6867728002, -0.00217060611162, 1.52882577801, -0.0857696551222])
# going down
set_joints([0, 0], [0.686468308476, -0.158660522373, 0.01, -1.68671516541, 0.000901889169344, 1.52860052588, 2.35447069597])
set_joints([0, 0], [0.686468308476, -0.158660522373, 0.01, -1.68671516541, 0.000901889169344, 1.52860052588, 2.35447069597])
set_joints([0, 0], [0.686757340212, -0.196930583608, 0.00975513965738, -1.9653023307, 0.00276706461908, 1.76803708815, 2.3537250443])
set_joints([0, 0], [0.687189470979, -0.167293912849, 0.01, -2.17125686383, 0.00120333564524, 2.00315367076, 2.35491564556])
set_joints([0, 0], [0.687612117218, -0.0708195336847, 0.01, -2.31401839872, -2.72768490059e-05, 2.24351570571, 2.35654879152])
# open gripper
set_joints([0, 0], [0.687593489391, 0.0924339510446, 0.01, -2.38985391043, -0.000131987217816, 2.48198066013, 2.35638090115])
# going up

set_joints([0.06, 0.06], [0.687593489391, 0.0924339510446, 0.01, -2.38985391043, -0.000131987217816, 2.48198066013, 2.35638090115])
set_joints([0.06, 0.06], [0.687593489391, 0.0924339510446, 0.01, -2.38985391043, -0.000131987217816, 2.48198066013, 2.35638090115])
set_joints([0.06, 0.06], [0.687513264807, -0.0707726618072, 0.00985347509413, -2.31330427613, 0.000894676509434, 2.24160631675, 2.35468461697])
set_joints([0.06, 0.06], [0.687376211413, -0.167496205126, 0.00973363631226, -2.17116023101, 0.00138669199876, 2.00283415221, 2.3552782718])
set_joints([0.06, 0.06], [0.687229286243, -0.197356017664, 0.00924144592066, -1.96589923629, 0.00166477888595, 1.76915537886, 2.35370996806])

# Brick 14
# open gripper
set_joints([0.06, 0.06], [0.687098775377, -0.158711699781, 0.00925340731628, -1.68695126254, 0.00162636563624, 1.52943565168, 2.35440196922])
# going down
set_joints([0.06, 0.06], [-1.2591809114, -0.0353805432907, 0.01, -1.54638257904, -0.000549170973651, 1.51060647451, -2.03383193724])
set_joints([0.06, 0.06], [-1.2591809114, -0.0353805432907, 0.01, -1.54638257904, -0.000549170973651, 1.51060647451, -2.03383193724])
set_joints([0.06, 0.06], [-1.25922093613, -0.0798477007195, 0.00989857644074, -1.83702627191, 0.00057060163752, 1.75688926091, -2.0356679302])
set_joints([0.06, 0.06], [-1.25906698967, -0.0540855303837, 0.01, -2.04419376816, -4.73543298089e-05, 1.98935479357, -2.03367261739])
set_joints([0.06, 0.06], [-1.25893942797, 0.0362209218621, 0.00994420970902, -2.18344106544, -0.000975903473977, 2.21914336173, -2.03376617005])
# close gripper
set_joints([0.06, 0.06], [-1.25843798764, 0.186179457846, 0.00950530158199, -2.25770859919, -0.00370700635104, 2.44419756329, -2.0325120112])
# going up

set_joints([0, 0], [-1.25843798764, 0.186179457846, 0.00950530158199, -2.25770859919, -0.00370700635104, 2.44419756329, -2.0325120112])
set_joints([0, 0], [-1.25843798764, 0.186179457846, 0.00950530158199, -2.25770859919, -0.00370700635104, 2.44419756329, -2.0325120112])
set_joints([0, 0], [-1.25892921091, 0.0362598356207, 0.01, -2.18311231885, -1.63629342603e-05, 2.21846147427, -2.03475244056])
set_joints([0, 0], [-1.25901514241, -0.0542303248083, 0.01, -2.04428095446, -0.000321206929425, 1.99019428839, -2.03424276747])
set_joints([0, 0], [-1.25925433302, -0.0805069480549, 0.00973635622628, -1.83815248056, 0.00106938905299, 1.75856963195, -2.03442577303])
set_joints([0, 0], [-1.25919688658, -0.0359084838684, 0.00984870462676, -1.54707055093, 0.000162083834928, 1.51216706441, -2.03506308857])
set_joints([0, 0], [0.686488829712, -0.158550761499, 0.00981145308745, -1.68634031841, 0.00160834750948, 1.52879115802, -0.0892125294466])
# going down
set_joints([0, 0], [0.686425381024, -0.158320780288, 0.00956999229094, -1.6860450312, 0.00274883784515, 1.52764595256, 2.35387111632])
set_joints([0, 0], [0.686508786848, -0.158554944718, 0.0096282626764, -1.68638790964, 0.00198504800169, 1.52858101924, 2.35397837501])
set_joints([0, 0], [0.686668526706, -0.185041089408, 0.00968427898207, -1.82482327451, 0.00238498970716, 1.63961456392, 2.35371813578])
set_joints([0, 0], [0.686749511985, -0.196538461159, 0.00960085749092, -1.94546946004, 0.00261303398818, 1.74842045273, 2.35352258627])
set_joints([0, 0], [0.68683091247, -0.193885696651, 0.00955863868128, -2.05133481223, 0.00301538763823, 1.85751954795, 2.35303033089])
# open gripper
set_joints([0, 0], [0.68731724298, -0.177033014646, 0.00974984836273, -2.14279956978, 0.00210629293152, 1.96539707296, 2.35415340389])
# going up

set_joints([0.06, 0.06], [0.68731724298, -0.177033014646, 0.00974984836273, -2.14279956978, 0.00210629293152, 1.96539707296, 2.35415340389])
set_joints([0.06, 0.06], [0.68731724298, -0.177033014646, 0.00974984836273, -2.14279956978, 0.00210629293152, 1.96539707296, 2.35415340389])
set_joints([0.06, 0.06], [0.686879588351, -0.193871759797, 0.00981190537297, -2.05134140294, 0.00121411096622, 1.85705122842, 2.35434989491])
set_joints([0.06, 0.06], [0.686968990104, -0.196547051653, 0.00976603518988, -1.94586504843, 0.00178612606652, 1.74902994596, 2.35439168712])
set_joints([0.06, 0.06], [0.686813850173, -0.184716713523, 0.0095077675721, -1.82465643619, 0.00183772859059, 1.63899874366, 2.35389833772])

# Brick 15
# open gripper
set_joints([0.06, 0.06], [0.686671244869, -0.158039181422, 0.00949131425935, -1.68564943595, 0.00243032964506, 1.52730211954, 2.35544450354])
# going down
set_joints([0.06, 0.06], [-1.58162307894, -0.125511838795, 0.01, -1.64978155781, 0.000333156324612, 1.52381735001, -2.35671511459])
set_joints([0.06, 0.06], [-1.58162307894, -0.125511838795, 0.01, -1.64978155781, 0.000333156324612, 1.52381735001, -2.35671511459])
set_joints([0.06, 0.06], [-1.5816672319, -0.165254815508, 0.00992568375338, -1.93148655591, 0.00133038366545, 1.76560053041, -2.35658216368])
set_joints([0.06, 0.06], [-1.58104374744, -0.13703055954, 0.00973555073021, -2.13856065829, 0.00232976658503, 2.00190712854, -2.35686944153])
set_joints([0.06, 0.06], [-1.58078671466, -0.0418253815911, 0.00990386774971, -2.2792550011, 0.000669466598507, 2.23729655516, -2.35573881779])
# close gripper
set_joints([0.06, 0.06], [-1.58067763526, 0.11823559154, 0.00973704347302, -2.35481646769, -0.000963180493622, 2.47365907583, -2.35469161277])
# going up

set_joints([0, 0], [-1.58067763526, 0.11823559154, 0.00973704347302, -2.35481646769, -0.000963180493622, 2.47365907583, -2.35469161277])
set_joints([0, 0], [-1.58067763526, 0.11823559154, 0.00973704347302, -2.35481646769, -0.000963180493622, 2.47365907583, -2.35469161277])
set_joints([0, 0], [-1.58073923205, -0.0417384174697, 0.01, -2.27919462354, -0.000697208185879, 2.23717943962, -2.3559677297])
set_joints([0, 0], [-1.58094982398, -0.136740969571, 0.00975170904641, -2.13773731354, 0.00150043195384, 1.99982342694, -2.35690179413])
set_joints([0, 0], [-1.58110066628, -0.165718154609, 0.0094190792305, -1.93252788106, 0.00170225744933, 1.76762273382, -2.35749083519])
set_joints([0, 0], [-1.5812552016, -0.126233685115, 0.00936796899787, -1.65122059443, 0.00152694560468, 1.52573899618, -2.3566034827])
set_joints([0, 0], [0.337777753039, -0.157256882079, 0.00972125538301, -1.68481769012, 0.00223224131843, 1.52757257639, -0.436935129043])
# going down
set_joints([0, 0], [0.337854141797, -0.157482213165, 0.01, -1.68529123744, 0.000721988794983, 1.52834555155, 2.35447559836])
set_joints([0, 0], [0.337854141797, -0.157482213165, 0.01, -1.68529123744, 0.000721988794983, 1.52834555155, 2.35447559836])
set_joints([0, 0], [0.338218842697, -0.196025916957, 0.00959426485957, -1.96491030957, 0.00249105792054, 1.76949868781, 2.35346626739])
set_joints([0, 0], [0.338353493319, -0.166601187039, 0.00997212200185, -2.17064135137, 0.00280177823196, 2.00385342904, 2.354636854])
set_joints([0, 0], [0.339025143684, -0.0694897683054, 0.01, -2.31198282766, 0.000677790065946, 2.24125773616, 2.35586868959])
# open gripper
set_joints([0, 0], [0.338835436134, 0.0936482750746, 0.00998227393141, -2.388034468, -0.0017724532548, 2.48065179878, 2.35767985949])
# going up

set_joints([0.06, 0.06], [0.338835436134, 0.0936482750746, 0.00998227393141, -2.388034468, -0.0017724532548, 2.48065179878, 2.35767985949])
set_joints([0.06, 0.06], [0.338835436134, 0.0936482750746, 0.00998227393141, -2.388034468, -0.0017724532548, 2.48065179878, 2.35767985949])
set_joints([0.06, 0.06], [0.339001763266, -0.0695336350496, 0.00981630319738, -2.31213578064, 0.00172323122283, 2.24240309873, 2.3558292811])
set_joints([0.06, 0.06], [0.33893633076, -0.166607223463, 0.00969745884403, -2.17038075203, 0.00104877288108, 2.00347595595, 2.35496225556])
set_joints([0.06, 0.06], [0.338703315383, -0.196209357703, 0.00923360947856, -1.96468604347, 0.00128004208711, 1.76904394667, 2.35404707937])

# Brick 16
# open gripper
set_joints([0.06, 0.06], [0.338602555183, -0.156536225695, 0.00905965418611, -1.68383463746, 0.00146526628868, 1.52632480126, 2.35390101868])
# going down
set_joints([0.06, 0.06], [-1.88237122436, -0.0359076575506, -0.0099938211313, -1.54734707259, -0.000221991846124, 1.51194903208, -2.67692417732])
set_joints([0.06, 0.06], [-1.88237122436, -0.0359076575506, -0.0099938211313, -1.54734707259, -0.000221991846124, 1.51194903208, -2.67692417732])
set_joints([0.06, 0.06], [-1.88212796134, -0.079544594446, -0.00978512399037, -1.83626934669, -0.0012347703825, 1.75553172832, -2.67732592173])
set_joints([0.06, 0.06], [-1.88241616282, -0.054341501998, -0.00980240132906, -2.04424043412, -0.00149111460599, 1.98968318609, -2.67642038181])
set_joints([0.06, 0.06], [-1.8826878907, 0.0359058225713, -0.01, -2.18356937605, -0.000511569533076, 2.21906098091, -2.67700233225])
# close gripper
set_joints([0.06, 0.06], [-1.88267120334, 0.186390326475, -0.00973575781209, -2.25713146369, 0.00295965704303, 2.4429880983, -2.67979797136])
# going up

set_joints([0, 0], [-1.88267120334, 0.186390326475, -0.00973575781209, -2.25713146369, 0.00295965704303, 2.4429880983, -2.67979797136])
set_joints([0, 0], [-1.88267120334, 0.186390326475, -0.00973575781209, -2.25713146369, 0.00295965704303, 2.4429880983, -2.67979797136])
set_joints([0, 0], [-1.88257250472, 0.0355987506147, -0.00992490156336, -2.18414025447, -0.000900733635606, 2.21989764801, -2.67666264662])
set_joints([0, 0], [-1.88247589606, -0.053953156088, -0.00986599503741, -2.04368825272, -0.000885408782683, 1.98891202206, -2.67661094336])
set_joints([0, 0], [-1.88229707119, -0.0799746618226, -0.00958724070217, -1.83694721442, -0.00140862555092, 1.75647584844, -2.67601284344])
set_joints([0, 0], [-1.88249815719, -0.0358838665473, -0.01, -1.5473353796, 0.000179394889786, 1.5121032524, -2.67700800705])
set_joints([0, 0], [0.360272657228, -0.157334069219, -0.00991766634637, -1.68535279984, -0.0019605439202, 1.52911627562, -0.435409687861])
# going down
set_joints([0, 0], [0.337927867229, -0.157760908632, 0.00995033069206, -1.68571284626, 0.00116952829431, 1.52892853129, 2.35425608296])
set_joints([0, 0], [0.338108311978, -0.156919711577, 0.00954195363253, -1.68465015397, 0.00228982496949, 1.52746805845, 2.35443950336])
set_joints([0, 0], [0.338100896003, -0.184080212679, 0.0095898946481, -1.82435291591, 0.00205064464926, 1.64102964163, 2.35432842936])
set_joints([0, 0], [0.338235570111, -0.195436562808, 0.00986175997433, -1.9449468438, 0.00129872341179, 1.74952654862, 2.35396734709])
set_joints([0, 0], [0.33831668578, -0.192431327607, 0.00965204335305, -2.04995474203, 0.00309590109471, 1.85726398186, 2.35409370296])
# open gripper
set_joints([0, 0], [0.338697690532, -0.175815815801, 0.00929963786459, -2.14139970274, 0.00317995199602, 1.96555054191, 2.35339244283])
# going up

set_joints([0.06, 0.06], [0.338697690532, -0.175815815801, 0.00929963786459, -2.14139970274, 0.00317995199602, 1.96555054191, 2.35339244283])
set_joints([0.06, 0.06], [0.338697690532, -0.175815815801, 0.00929963786459, -2.14139970274, 0.00317995199602, 1.96555054191, 2.35339244283])
set_joints([0.06, 0.06], [0.338734877231, -0.1924018174, 0.00934284435135, -2.04979362174, 0.00268160121389, 1.85731216591, 2.3535554413])
set_joints([0.06, 0.06], [0.338568978743, -0.195357649434, 0.00945567439397, -1.94472844964, 0.00147683178129, 1.74982260111, 2.35431633638])
set_joints([0.06, 0.06], [0.338557334208, -0.183756930812, 0.0090922316142, -1.82367247463, 0.00262364971895, 1.6396290779, 2.35360009409])
set_joints([0.06, 0.06], [0.33852636003, -0.157187555909, 0.00958683372416, -1.68472712982, 0.000321431521393, 1.52773484993, 2.35461060715])

# Knocking 
