
# Brick 1

print "starting Brick 1"
#start picking
gripper_open()
set_joints([8.06224758737e-05, -0.785339583287, 6.12121193204e-05, -1.57069857519, 0.0, 1.04725791836, 9.60880108643e-05])
# going down
set_joints([-0.935807932813, -0.794009441221, 0.00085674630202, -2.20204269127, 0.0, 1.4079499388, -1.72107704078])
set_joints([-0.931685748124, -0.372433087308, -0.00163745498041, -1.22951380199, 0.0, 0.856412400452, -1.71908017852])
set_joints([-0.933530462136, -0.619014152977, -0.000423132078882, -1.75801589273, 0.0, 1.1379802754, -1.71907746949])
set_joints([-0.932765265259, -0.770457044832, -0.000990594286226, -2.1354467544, 0.0, 1.36431496432, -1.71819660874])
set_joints([-0.935072011341, -0.864781041019, 0.000584396717413, -2.44698789153, 0.0, 1.58283999247, -1.71953124222])
set_joints([-0.935248105132, -0.893775509144, 0.00103071057893, -2.71065687091, 0.0, 1.81725212954, -1.71901532106])
set_joints([-0.933769453783, -0.818663666091, -0.0006463859393, -2.92455709327, 0.0, 2.10635907095, -1.72037513181])
set_joints([-0.933448913823, -0.562621893559, -0.0014077541188, -3.05888034298, 0.0, 2.49545137779, -1.71996695107])
gripper_close()
# going up
set_joints([-0.933448913823, -0.562621893559, -0.0014077541188, -3.05888034298, 0.0, 2.49545137779, -1.71996695107])
set_joints([-0.933448913823, -0.562621893559, -0.0014077541188, -3.05888034298, 0.0, 2.49545137779, -1.71996695107])
set_joints([-0.933960501789, -0.75093279414, -0.00027442964581, -2.98594008265, 0.0, 2.23584328733, -1.71866831919])
set_joints([-0.93489298664, -0.852137445379, 0.000507027624626, -2.87309969687, 0.0, 2.02079733112, -1.72024142965])
set_joints([-0.933451377552, -0.891577904207, -0.00101113330415, -2.73411970326, 0.0, 1.84191868663, -1.71914899561])
set_joints([-0.935502269101, -0.887149611922, 0.00087682975414, -2.57481064998, 0.0, 1.68714192198, -1.72059423443])
set_joints([-0.935026824609, -0.853300942718, 0.000393126311893, -2.39856932855, 0.0, 1.5462678989, -1.72032725306])
#start placing
set_joints([-0.934053724511, -0.793778811997, -2.27796058035e-06, -2.20175066071, 0.0, 1.40727153532, -1.71856903962])
set_joints([-0.934053724511, -0.793778811997, -2.27796058035e-06, -2.20175066071, 0.0, 1.40727153532, -1.71856903962])
# going down
set_joints([2.79532000646, -0.156558314159, -0.00246790930532, -1.68414938426, 0.0, 1.52671254424, -0.786089131159])
set_joints([2.79532000646, -0.156558314159, -0.00246790930532, -1.68414938426, 0.0, 1.52671254424, -0.786089131159])
set_joints([2.79124925487, -0.190462243953, 0.00140608119187, -1.87989956562, 0.0, 1.68844306332, -0.785536537438])
set_joints([2.7908448117, -0.193681763887, 0.00164213010821, -2.04065455949, 0.0, 1.84749534965, -0.785771303502])
set_joints([2.78741228419, -0.166294282466, 0.00498513479582, -2.17016229936, 0.0, 2.00378993537, -0.78472039828])
set_joints([2.79067375561, -0.109970694718, 0.00193106193732, -2.27305360043, 0.0, 2.16421489121, -0.786202001146])
set_joints([2.79067375561, -0.109970694718, 0.00193106193732, -2.27305360043, 0.0, 2.16421489121, -0.786202001146])
set_joints([2.79219386776, 0.0933774582687, 0.00059050377538, -2.3883636103, 0.0, 2.48106826303, -0.785321657791])
gripper_open()
# going up
set_joints([2.79219386776, 0.0933774582687, 0.00059050377538, -2.3883636103, 0.0, 2.48106826303, -0.785321657791])
set_joints([2.79219386776, 0.0933774582687, 0.00059050377538, -2.3883636103, 0.0, 2.48106826303, -0.785321657791])
set_joints([2.79219386776, 0.0933774582687, 0.00059050377538, -2.3883636103, 0.0, 2.48106826303, -0.785321657791])
set_joints([2.79219386776, 0.0933774582687, 0.00059050377538, -2.3883636103, 0.0, 2.48106826303, -0.785321657791])
set_joints([2.79527850794, -0.166535104281, -0.00265458889692, -2.17024657511, 0.0, 2.00327967622, -0.785322747261])
set_joints([2.79315352554, -0.193617797634, -0.000600234742005, -2.04072617097, 0.0, 1.84744965656, -0.784908323772])
set_joints([2.79170991019, -0.190523551442, 0.000741264623405, -1.87995669161, 0.0, 1.68908734202, -0.786211231365])

# Brick 2

print "starting Brick 2"
#start picking
gripper_open()
set_joints([2.78623492244, -0.157202410974, 0.0059126676944, -1.68500992218, 0.0, 1.52814380747, -0.786145746419])
# going down
set_joints([-0.7555906221, -0.260443417602, 0.000455890351732, -1.79230552615, 0.0, 1.5317896756, -1.54123529833])
set_joints([-0.7555906221, -0.260443417602, 0.000455890351732, -1.79230552615, 0.0, 1.5317896756, -1.54123529833])
set_joints([-0.755447112272, -0.293122842159, 0.000328020729826, -1.98408463011, 0.0, 1.69185946638, -1.5411093962])
set_joints([-0.751736495093, -0.295157339729, -0.00321875183332, -2.1429932549, 0.0, 1.84786724103, -1.53960501704])
set_joints([-0.751791686881, -0.267441779109, -0.00324412628991, -2.27484625152, 0.0, 2.00796744342, -1.54047894811])
set_joints([-0.757276312511, -0.207907745355, 0.00204828773721, -2.37910894352, 0.0, 2.1707458211, -1.53995538548])
set_joints([-0.760323457213, -0.11525868657, 0.00524168488308, -2.45518148827, 0.0, 2.33975113744, -1.53955077072])
set_joints([-0.760323457213, -0.11525868657, 0.00524168488308, -2.45518148827, 0.0, 2.33975113744, -1.53955077072])
gripper_close()
# going up
set_joints([-0.760323457213, -0.11525868657, 0.00524168488308, -2.45518148827, 0.0, 2.33975113744, -1.53955077072])
set_joints([-0.760323457213, -0.11525868657, 0.00524168488308, -2.45518148827, 0.0, 2.33975113744, -1.53955077072])
set_joints([-0.760323457213, -0.11525868657, 0.00524168488308, -2.45518148827, 0.0, 2.33975113744, -1.53955077072])
set_joints([-0.754713315313, -0.208254032609, -0.000274525625064, -2.37960303256, 0.0, 2.17205735328, -1.53978828186])
set_joints([-0.75858939606, -0.267477994885, 0.00338545420448, -2.27503052493, 0.0, 2.00826935259, -1.54108868061])
set_joints([-0.753340704381, -0.29500617062, -0.0016164521367, -2.1427304769, 0.0, 1.84719676533, -1.53947477607])
set_joints([-0.751517901993, -0.292340110389, -0.00336597956901, -1.9829111807, 0.0, 1.68970834553, -1.53972502552])
#start placing
set_joints([-0.752481584229, -0.259699324188, -0.00237995472061, -1.79122398, 0.0, 1.53077292043, -1.53998949771])
set_joints([-0.752481584229, -0.259699324188, -0.00237995472061, -1.79122398, 0.0, 1.53077292043, -1.53998949771])
# going down
set_joints([2.79109356237, -0.156620361626, 0.00140443375366, -1.68398392743, 0.0, 1.52697459522, -0.784711121922])
set_joints([2.79109356237, -0.156620361626, 0.00140443375366, -1.68398392743, 0.0, 1.52697459522, -0.784711121922])
set_joints([2.79080073062, -0.176419238881, 0.00172135988719, -1.77908594537, 0.0, 1.60250301573, -0.785360469515])
set_joints([2.78745220035, -0.189485945719, 0.00481423210316, -1.86605962984, 0.0, 1.67670765992, -0.785962612677])
set_joints([2.78766038214, -0.195331639721, 0.00460679258294, -1.94440982473, 0.0, 1.74887161787, -0.78667896293])
set_joints([2.79693753978, -0.195160543662, -0.00387398600958, -2.01672998795, 0.0, 1.82194500922, -0.784878835901])
set_joints([2.79059096215, -0.18845709939, 0.00195132403537, -2.08213351008, 0.0, 1.89424549591, -0.786201263811])
set_joints([2.78925266057, -0.176053804526, 0.00329414807944, -2.14164506315, 0.0, 1.96606531945, -0.785935654703])
gripper_open()
# going up
set_joints([2.78925266057, -0.176053804526, 0.00329414807944, -2.14164506315, 0.0, 1.96606531945, -0.785935654703])
set_joints([2.78925266057, -0.176053804526, 0.00329414807944, -2.14164506315, 0.0, 1.96606531945, -0.785935654703])
set_joints([2.79143511645, -0.188147066263, 0.00113501630742, -2.08132455982, 0.0, 1.89245685147, -0.784929969365])
set_joints([2.79188573719, -0.194845187847, 0.000754130124783, -2.01602033811, 0.0, 1.82024022692, -0.78544507533])
set_joints([2.78729733157, -0.195467927419, 0.0049261683412, -1.94491342457, 0.0, 1.74981818141, -0.786603194418])
set_joints([2.78538685333, -0.189450003047, 0.00673868961093, -1.86627670457, 0.0, 1.67681644047, -0.786763833631])
set_joints([2.79486058913, -0.176130537047, -0.00195527615219, -1.77877156042, 0.0, 1.60170034477, -0.784379242426])

# Brick 3

print "starting Brick 3"
#start picking
gripper_open()
set_joints([2.79282276276, -0.15666027133, -0.00022234398619, -1.68409647112, 0.0, 1.52702313559, -0.785219904427])
# going down
set_joints([-1.08371840783, -0.571367627457, 0.000952110604456, -2.06032277453, 0.0, 1.48808130701, -1.86834862924])
set_joints([-1.08371840783, -0.571367627457, 0.000952110604456, -2.06032277453, 0.0, 1.48808130701, -1.86834862924])
set_joints([-1.08421707852, -0.613070090584, 0.00145869758884, -2.25143486744, 0.0, 1.63811572668, -1.86781812157])
set_joints([-1.08218570833, -0.62600100448, -0.000402755986439, -2.41780979972, 0.0, 1.79076852937, -1.86768092971])
set_joints([-1.08281993622, -0.60711603657, 0.000245992633301, -2.56262069178, 0.0, 1.95601107562, -1.86719212287])
set_joints([-1.08220642734, -0.548299581262, -0.000394946575086, -2.68250428714, 0.0, 2.13450486829, -1.86775291991])
set_joints([-1.08186202402, -0.44171675732, -0.000575344228463, -2.7741120703, 0.0, 2.33299558179, -1.86818769995])
set_joints([-1.08037243568, -0.28174325038, -0.00210980775612, -2.83052381897, 0.0, 2.54819608323, -1.86873179726])
gripper_close()
# going up
set_joints([-1.08037243568, -0.28174325038, -0.00210980775612, -2.83052381897, 0.0, 2.54819608323, -1.86873179726])
set_joints([-1.08037243568, -0.28174325038, -0.00210980775612, -2.83052381897, 0.0, 2.54819608323, -1.86873179726])
set_joints([-1.08259790889, -0.441549139293, 0.000335603064652, -2.77363005586, 0.0, 2.33115328617, -1.8678334119])
set_joints([-1.08326373188, -0.548277564455, 0.000836811513429, -2.68205700752, 0.0, 2.13288346097, -1.86838506388])
set_joints([-1.08303549272, -0.607550743646, 0.000637308653925, -2.5628099715, 0.0, 1.95587950369, -1.86793795087])
set_joints([-1.08310563469, -0.626632419828, 0.000798299921544, -2.41865368403, 0.0, 1.79287057364, -1.86690678082])
set_joints([-1.08036144019, -0.613130797827, -0.00154878774403, -2.25152157231, 0.0, 1.63868558201, -1.8670689208])
#start placing
set_joints([-1.08226464494, -0.571666196015, -9.54280814322e-05, -2.06065266257, 0.0, 1.48879463214, -1.86739033079])
set_joints([2.4436387087, -0.158762104109, 0.000417997979538, -1.68663606733, 0.0, 1.52868008718, 1.65827020515])
# going down
set_joints([2.43900241994, -0.158583378258, 0.004616648377, -1.68648854643, 0.0, 1.52801667616, -0.785302902521])
set_joints([2.43900241994, -0.158583378258, 0.004616648377, -1.68648854643, 0.0, 1.52801667616, -0.785302902521])
set_joints([2.44324190562, -0.191827978263, 0.000655157179056, -1.88115071464, 0.0, 1.6880996224, -0.785655626358])
set_joints([2.44660296366, -0.194763799336, -0.00244114472576, -2.04202203214, 0.0, 1.84739892488, -0.78438404709])
set_joints([2.4382889731, -0.167791151401, 0.00553419341166, -2.17190622927, 0.0, 2.00371523408, -0.785247172396])
set_joints([2.44279865457, -0.110641732146, 0.00126487050707, -2.27332366898, 0.0, 2.16259534296, -0.78579775186])
set_joints([2.44279865457, -0.110641732146, 0.00126487050707, -2.27332366898, 0.0, 2.16259534296, -0.78579775186])
set_joints([2.44636139598, 0.092508641019, -0.0024063007485, -2.39011045251, 0.0, 2.48336630331, -0.784750573554])
gripper_open()
# going up
set_joints([2.44636139598, 0.092508641019, -0.0024063007485, -2.39011045251, 0.0, 2.48336630331, -0.784750573554])
set_joints([2.44636139598, 0.092508641019, -0.0024063007485, -2.39011045251, 0.0, 2.48336630331, -0.784750573554])
set_joints([2.44636139598, 0.092508641019, -0.0024063007485, -2.39011045251, 0.0, 2.48336630331, -0.784750573554])
set_joints([2.45453190128, -0.110756970288, -0.0103237878515, -2.27388817345, 0.0, 2.16334260956, -0.784454637314])
set_joints([2.44327340929, -0.167794869193, 0.000728951880037, -2.17176101402, 0.0, 2.003255226, -0.784567116269])
set_joints([2.43821064688, -0.194739326258, 0.00568779623072, -2.04159585954, 0.0, 1.84665999977, -0.785353761628])
set_joints([2.43929493141, -0.192142737881, 0.00448786889184, -1.88170682719, 0.0, 1.68946451042, -0.784747378503])

# Brick 4

print "starting Brick 4"
#start picking
gripper_open()
set_joints([2.43901435951, -0.158211054676, 0.00467925696514, -1.68595571677, 0.0, 1.52798825176, -0.786378760947])
# going down
set_joints([-1.56790463433, -0.695506112931, -0.00209415115801, -2.14437143476, 0.0, 1.44888892805, -2.35491063734])
set_joints([-1.56790463433, -0.695506112931, -0.00209415115801, -2.14437143476, 0.0, 1.44888892805, -2.35491063734])
set_joints([-1.56995349371, -0.744796755526, -0.000620137478788, -2.33717937759, 0.0, 1.59144129592, -2.35624524036])
set_joints([-1.571219358, -0.768536098282, 0.000545700067392, -2.50963284606, 0.0, 1.74079176768, -2.35535100778])
set_joints([-1.57217463479, -0.760183384088, 0.00146654898679, -2.66239465296, 0.0, 1.90251892097, -2.35656298724])
set_joints([-1.56929340575, -0.709184794285, -0.00160554289643, -2.79165012664, 0.0, 2.08221331538, -2.3555244841])
set_joints([-1.57114118952, -0.601723710726, 0.000309026865017, -2.89340446989, 0.0, 2.29074029847, -2.35532805294])
set_joints([-1.57043809849, -0.425173344864, -9.80160833657e-05, -2.95794429744, 0.0, 2.53195460249, -2.3552652746])
gripper_close()
# going up
set_joints([-1.57043809849, -0.425173344864, -9.80160833657e-05, -2.95794429744, 0.0, 2.53195460249, -2.3552652746])
set_joints([-1.57043809849, -0.425173344864, -9.80160833657e-05, -2.95794429744, 0.0, 2.53195460249, -2.3552652746])
set_joints([-1.57090087796, -0.601733289127, 0.000172155062717, -2.89364987606, 0.0, 2.29165833214, -2.35593016936])
set_joints([-1.57141201928, -0.709098121942, 0.000548774238303, -2.79197026958, 0.0, 2.08340868828, -2.35565053974])
set_joints([-1.57138749303, -0.759990501853, 0.000869625210747, -2.66199259438, 0.0, 1.90163840413, -2.35535585849])
set_joints([-1.56891578706, -0.768930824147, -0.00156948094756, -2.51021668819, 0.0, 1.74131669962, -2.3555996204])
set_joints([-1.5693574363, -0.745195239515, -0.00111347531578, -2.33774192015, 0.0, 1.592251698, -2.35614539838])
#start placing
set_joints([-1.56845136808, -0.695115821889, -0.00169969621014, -2.14423888204, 0.0, 1.4488217795, -2.35526651694])
set_joints([2.44371725176, -0.158410597514, 0.000401334344719, -1.68612024142, 0.0, 1.52737748886, 1.65816620627])
# going down
set_joints([2.43789631041, -0.158556522918, 0.0057351803346, -1.68651950944, 0.0, 1.52835073034, -0.786189127659])
set_joints([2.43789631041, -0.158556522918, 0.0057351803346, -1.68651950944, 0.0, 1.52835073034, -0.786189127659])
set_joints([2.4498885051, -0.178065163336, -0.00525119995832, -1.78120874674, 0.0, 1.60312873165, -0.783840536769])
set_joints([2.43734260463, -0.190429238796, 0.00625523456628, -1.86720385991, 0.0, 1.67672551674, -0.785992254261])
set_joints([2.44863507975, -0.196471672147, -0.00433670313353, -1.9456911529, 0.0, 1.74919664225, -0.784817149947])
set_joints([2.44425334065, -0.196111805041, -0.000194321939912, -2.01752812197, 0.0, 1.82089391381, -0.785468875399])
set_joints([2.44304400402, -0.190076128219, 0.000978835378841, -2.08386268323, 0.0, 1.89481095881, -0.785857765045])
set_joints([2.43977357124, -0.177089181668, 0.00420328411042, -2.14266999061, 0.0, 1.96525079807, -0.786118071963])
gripper_open()
# going up
set_joints([2.43977357124, -0.177089181668, 0.00420328411042, -2.14266999061, 0.0, 1.96525079807, -0.786118071963])
set_joints([2.43977357124, -0.177089181668, 0.00420328411042, -2.14266999061, 0.0, 1.96525079807, -0.786118071963])
set_joints([2.44255906826, -0.18998843275, 0.00134857728455, -2.08374245085, 0.0, 1.89391502464, -0.78560886196])
set_joints([2.44413456711, -0.196032848304, -7.14193993586e-05, -2.01716355579, 0.0, 1.81983269721, -0.785004209746])
set_joints([2.4417711068, -0.196645501813, 0.00215420704447, -1.94610751783, 0.0, 1.75007276239, -0.786477807706])
set_joints([2.4459831575, -0.190816417601, -0.0018119416466, -1.86762129492, 0.0, 1.67757504184, -0.784611691847])
set_joints([2.44456011273, -0.177930415686, -0.00051705447588, -1.78108304912, 0.0, 1.60386931491, -0.7855565378])

# Brick 5

print "starting Brick 5"
#start picking
gripper_open()
set_joints([2.4399582188, -0.15855341589, 0.00378097799959, -1.68618732449, 0.0, 1.52805985597, -0.784826253903])
# going down
set_joints([-2.05928973351, -0.571687551089, 0.000130321468117, -2.06044593402, 0.0, 1.48797676067, -2.84396932519])
set_joints([-2.0571552749, -0.571597128717, -0.00138301262471, -2.06049607538, 0.0, 1.48901216196, -2.84290837352])
set_joints([-2.05692214638, -0.612717995899, -0.00169740790165, -2.25067495648, 0.0, 1.63725511008, -2.84371626062])
set_joints([-2.05851555987, -0.626466299497, -0.000697104127927, -2.41805887094, 0.0, 1.79133463594, -2.84433208554])
set_joints([-2.0597649394, -0.606968692974, 0.000426650234811, -2.56217470297, 0.0, 1.95499140759, -2.84382960254])
set_joints([-2.05715936645, -0.548565121716, -0.00203367090753, -2.68234900123, 0.0, 2.1332143016, -2.84378232087])
set_joints([-2.05795316136, -0.441590304101, -0.00111651206371, -2.7737333824, 0.0, 2.33151235342, -2.84455214379])
set_joints([-2.05581324137, -0.281782012874, -0.0035927256346, -2.83058789166, 0.0, 2.54848651499, -2.84396141988])
gripper_close()
# going up
set_joints([-2.05581324137, -0.281782012874, -0.0035927256346, -2.83058789166, 0.0, 2.54848651499, -2.84396141988])
set_joints([-2.05581324137, -0.281782012874, -0.0035927256346, -2.83058789166, 0.0, 2.54848651499, -2.84396141988])
set_joints([-2.05769621717, -0.4413105175, -0.00157275302325, -2.77379169565, 0.0, 2.33215773333, -2.84501508857])
set_joints([-2.06096089467, -0.548776775705, 0.0020024455546, -2.68291190504, 0.0, 2.13470642104, -2.84541349693])
set_joints([-2.05905173188, -0.606946864438, -9.81243616122e-06, -2.5619932421, 0.0, 1.95431300357, -2.84374273229])
set_joints([-2.05793144615, -0.626654819739, -0.00119867032228, -2.41874448868, 0.0, 1.79298524696, -2.84413314666])
set_joints([-2.05775843343, -0.61339554167, -0.00106817700154, -2.25155536125, 0.0, 1.63894983187, -2.84366816182])
#start placing
set_joints([-2.05795267368, -0.571575622046, -0.000884710646617, -2.06046594727, 0.0, 1.48886855704, -2.84487893049])
set_joints([2.09174011792, -0.157931356815, 0.00243326632826, -1.68600284055, 0.0, 1.52861498616, 1.30943338133])
# going down
set_joints([2.10067437034, -0.157747288086, -0.00566216594027, -1.68552924645, 0.0, 1.52804456688, -0.783812251961])
set_joints([2.10067437034, -0.157747288086, -0.00566216594027, -1.68552924645, 0.0, 1.52804456688, -0.783812251961])
set_joints([2.09302135341, -0.19123317682, 0.0012632727551, -1.88067835529, 0.0, 1.68991218879, -0.784649757587])
set_joints([2.09771029166, -0.193892452332, -0.0030293467055, -2.04076151298, 0.0, 1.84654647854, -0.784526087275])
set_joints([2.09227298226, -0.16688294653, 0.00207357803415, -2.17076586099, 0.0, 2.00326666591, -0.785274231208])
set_joints([2.09562858868, -0.10976739792, -0.00120554974753, -2.27252586886, 0.0, 2.16221135742, -0.785010787881])
set_joints([2.09562858868, -0.10976739792, -0.00120554974753, -2.27252586886, 0.0, 2.16221135742, -0.785010787881])
set_joints([2.08402630125, 0.0931371832657, 0.0102202688406, -2.38901989584, 0.0, 2.48188526541, -0.785225751165])
gripper_open()
# going up
set_joints([2.08402630125, 0.0931371832657, 0.0102202688406, -2.38901989584, 0.0, 2.48188526541, -0.785225751165])
set_joints([2.08402630125, 0.0931371832657, 0.0102202688406, -2.38901989584, 0.0, 2.48188526541, -0.785225751165])
set_joints([2.08402630125, 0.0931371832657, 0.0102202688406, -2.38901989584, 0.0, 2.48188526541, -0.785225751165])
set_joints([2.09233816582, -0.110241132546, 0.00201780110977, -2.27310461679, 0.0, 2.16319172646, -0.785744142756])
set_joints([2.09174828732, -0.167210454873, 0.00258897964637, -2.17149482103, 0.0, 2.00476337433, -0.785926499056])
set_joints([2.09916341399, -0.19376860909, -0.00443920016025, -2.04049017834, 0.0, 1.84631594747, -0.784768225068])
set_joints([2.09721839195, -0.191323877394, -0.00270896713832, -1.88070695184, 0.0, 1.68920776411, -0.784278194058])

# Brick 6

print "starting Brick 6"
#start picking
gripper_open()
set_joints([2.08691484193, -0.157446217397, 0.00702114667355, -1.68519782966, 0.0, 1.52759253665, -0.785438844658])
# going down
set_joints([2.08691484193, -0.157446217397, 0.00702114667355, -1.68519782966, 0.0, 1.52759253665, -0.785438844658])
set_joints([2.08691484193, -0.157446217397, 0.00702114667355, -1.68519782966, 0.0, 1.52759253665, -0.785438844658])
set_joints([2.08691484193, -0.157446217397, 0.00702114667355, -1.68519782966, 0.0, 1.52759253665, -0.785438844658])
set_joints([2.08691484193, -0.157446217397, 0.00702114667355, -1.68519782966, 0.0, 1.52759253665, -0.785438844658])
set_joints([2.08691484193, -0.157446217397, 0.00702114667355, -1.68519782966, 0.0, 1.52759253665, -0.785438844658])
set_joints([2.08691484193, -0.157446217397, 0.00702114667355, -1.68519782966, 0.0, 1.52759253665, -0.785438844658])
set_joints([2.08691484193, -0.157446217397, 0.00702114667355, -1.68519782966, 0.0, 1.52759253665, -0.785438844658])
set_joints([-0.873250800803, 0.174248659444, -0.0053087690347, -2.27484298125, 0.0, 2.44875806272, -1.66433453476])
gripper_close()
# going up
set_joints([-0.873250800803, 0.174248659444, -0.0053087690347, -2.27484298125, 0.0, 2.44875806272, -1.66433453476])
set_joints([-0.873250800803, 0.174248659444, -0.0053087690347, -2.27484298125, 0.0, 2.44875806272, -1.66433453476])
set_joints([-0.873250800803, 0.174248659444, -0.0053087690347, -2.27484298125, 0.0, 2.44875806272, -1.66433453476])
set_joints([-0.873250800803, 0.174248659444, -0.0053087690347, -2.27484298125, 0.0, 2.44875806272, -1.66433453476])
set_joints([-0.873250800803, 0.174248659444, -0.0053087690347, -2.27484298125, 0.0, 2.44875806272, -1.66433453476])
set_joints([-0.889234231943, -0.0938439093354, 0.0104472880929, -1.9312172105, 0.0, 1.83678542449, -1.66489445084])
set_joints([-0.889234231943, -0.0938439093354, 0.0104472880929, -1.9312172105, 0.0, 1.83678542449, -1.66489445084])
#start placing
set_joints([-0.889083573305, -0.052104053464, 0.010374984956, -1.56623320187, 0.0, 1.51457970367, -1.66385433194])
set_joints([-0.889083573305, -0.052104053464, 0.010374984956, -1.56623320187, 0.0, 1.51457970367, -1.66385433194])
# going down
set_joints([2.0855775575, -0.15764431102, 0.00803976515399, -1.68526588866, 0.0, 1.52749347569, -0.787164595964])
set_joints([2.0855775575, -0.15764431102, 0.00803976515399, -1.68526588866, 0.0, 1.52749347569, -0.787164595964])
set_joints([2.0864859893, -0.176871520708, 0.00724570394656, -1.77987372533, 0.0, 1.60291639841, -0.785863679222])
set_joints([2.09476064849, -0.189714761195, -0.000323866395612, -1.86634570821, 0.0, 1.67670074504, -0.785934055285])
set_joints([2.09945825206, -0.195930467863, -0.00475004523163, -1.94513100566, 0.0, 1.74918365317, -0.785352567849])
set_joints([2.09074151457, -0.195872762029, 0.00343986626135, -2.01744071119, 0.0, 1.82200929095, -0.785306228597])
set_joints([2.09407188597, -0.189442994692, 0.000486519528842, -2.08326929353, 0.0, 1.89511261494, -0.784509365415])
set_joints([2.09719648883, -0.176156784915, -0.00276570307874, -2.14180820088, 0.0, 1.9658643831, -0.784445676419])
gripper_open()
# going up
set_joints([2.09719648883, -0.176156784915, -0.00276570307874, -2.14180820088, 0.0, 1.9658643831, -0.784445676419])
set_joints([2.09719648883, -0.176156784915, -0.00276570307874, -2.14180820088, 0.0, 1.9658643831, -0.784445676419])
set_joints([2.09275194214, -0.188620124667, 0.00156919594386, -2.08185030562, 0.0, 1.89229305117, -0.78585155112])
set_joints([2.10096018406, -0.195749508459, -0.00624412158078, -2.0172870779, 0.0, 1.82139486738, -0.785468260543])
set_joints([2.08767429016, -0.195763007041, 0.00627589873442, -1.94507842151, 0.0, 1.74914157017, -0.785378799596])
set_joints([2.08869077187, -0.189897548902, 0.00538428712875, -1.86669038404, 0.0, 1.6766484531, -0.785488939765])
set_joints([2.09651332183, -0.177291905566, -0.00190058020847, -1.78034342348, 0.0, 1.60358182684, -0.78427761399])

# Brick 7

print "starting Brick 7"
#start picking
gripper_open()
set_joints([2.10132824567, -0.157509304199, -0.00624667064366, -1.68502698746, 0.0, 1.52726600216, -0.783907259683])
# going down
set_joints([-1.17674769987, -0.329993094242, -0.000711649194004, -1.859134952, 0.0, 1.52838959297, -1.96346526705])
set_joints([-1.17674769987, -0.329993094242, -0.000711649194004, -1.859134952, 0.0, 1.52838959297, -1.96346526705])
set_joints([-1.17942324291, -0.362999843987, 0.00144783611407, -2.04956935762, 0.0, 1.6870928908, -1.96275639911])
set_joints([-1.17556126248, -0.366226190988, -0.00207837788774, -2.20941303469, 0.0, 1.84323206668, -1.96323825751])
set_joints([-1.17968831352, -0.338915175256, 0.00187607348134, -2.34325555459, 0.0, 2.00461174837, -1.96277374709])
set_joints([-1.17953695992, -0.27834951229, 0.00170093385387, -2.45080848151, 0.0, 2.17348804061, -1.96255865324])
set_joints([-1.18018227028, -0.182130723366, 0.00260042641231, -2.5287301268, 0.0, 2.34724761403, -1.96249428004])
set_joints([-1.18018227028, -0.182130723366, 0.00260042641231, -2.5287301268, 0.0, 2.34724761403, -1.96249428004])
gripper_close()
# going up
set_joints([-1.18018227028, -0.182130723366, 0.00260042641231, -2.5287301268, 0.0, 2.34724761403, -1.96249428004])
set_joints([-1.18018227028, -0.182130723366, 0.00260042641231, -2.5287301268, 0.0, 2.34724761403, -1.96249428004])
set_joints([-1.17467330895, -0.181811313578, -0.00303274028929, -2.52847933831, 0.0, 2.34653514159, -1.96308378861])
set_joints([-1.17380984631, -0.278269859714, -0.00377389141672, -2.45037614426, 0.0, 2.17241553624, -1.96208658663])
set_joints([-1.18065252734, -0.33907145612, 0.00273500890851, -2.34346838902, 0.0, 2.00464318377, -1.96329390018])
set_joints([-1.17590526342, -0.366037877248, -0.00169974414922, -2.2091387826, 0.0, 1.84220716103, -1.96246210715])
set_joints([-1.18100903286, -0.363298988829, 0.00279574144716, -2.04981846716, 0.0, 1.68656140087, -1.9631567047])
#start placing
set_joints([-1.17658957715, -0.329768153489, -0.000964817006125, -1.85903219799, 0.0, 1.52806506302, -1.96195507471])
set_joints([1.74496853349, -0.159118133311, 0.000820123063853, -1.6869583033, 0.0, 1.52843682566, 0.960406115088])
# going down
set_joints([1.74613887045, -0.158783196613, -0.000357632945512, -1.68655795247, 0.0, 1.52840749222, -0.78545891853])
set_joints([1.74557609186, -0.158226643906, 0.000223910193071, -1.68593554407, 0.0, 1.52710823703, -0.784542474485])
set_joints([1.74321385401, -0.192797946775, 0.00243366950425, -1.88273953718, 0.0, 1.69028798943, -0.786163350855])
set_joints([1.74158632745, -0.195233702694, 0.0040776184455, -2.0424702844, 0.0, 1.84781485277, -0.786287803512])
set_joints([1.74797351033, -0.167795833001, -0.00200026039551, -2.17158074399, 0.0, 2.00310111357, -0.785268195918])
set_joints([1.75227411652, -0.111172045747, -0.00640838918663, -2.27410661847, 0.0, 2.16238172186, -0.784691698819])
set_joints([1.75227411652, -0.111172045747, -0.00640838918663, -2.27410661847, 0.0, 2.16238172186, -0.784691698819])
set_joints([1.74586003191, 0.0923951116597, 2.9754823504e-05, -2.38959348926, 0.0, 2.48074091322, -0.785097124124])
gripper_open()
# going up
set_joints([1.74586003191, 0.0923951116597, 2.9754823504e-05, -2.38959348926, 0.0, 2.48074091322, -0.785097124124])
set_joints([1.74586003191, 0.0923951116597, 2.9754823504e-05, -2.38959348926, 0.0, 2.48074091322, -0.785097124124])
set_joints([1.7457945588, -0.0239069098721, 0.000184383258053, -2.34676757147, 0.0, 2.32189175473, -0.785950477109])
set_joints([1.74597582642, -0.110930183532, -0.00011497779, -2.27400104533, 0.0, 2.16313048617, -0.784892591941])
set_joints([1.75259098215, -0.168205897985, -0.00654493775462, -2.17210815005, 0.0, 2.00375239362, -0.784413461557])
set_joints([1.74477562992, -0.195392568502, 0.000851731064503, -2.04264616234, 0.0, 1.84848700968, -0.78481863198])
set_joints([1.74481976866, -0.192625111769, 0.00108550424672, -1.88253088764, 0.0, 1.69060886428, -0.786254714622])

# Brick 8

print "starting Brick 8"
#start picking
gripper_open()
set_joints([1.74965599361, -0.158846586047, -0.00337008513977, -1.68664051425, 0.0, 1.52813902282, -0.785105397904])
# going down
set_joints([-1.5687159579, -0.431472574136, -0.00164899160363, -1.94993053708, 0.0, 1.5182773068, -2.35659974856])
set_joints([-1.5687159579, -0.431472574136, -0.00164899160363, -1.94993053708, 0.0, 1.5182773068, -2.35659974856])
set_joints([-1.56868692579, -0.46646091646, -0.00179318022194, -2.13922435192, 0.0, 1.67333097741, -2.35581901215])
set_joints([-1.57133329938, -0.4726802765, 0.000346785270704, -2.3016577005, 0.0, 1.83020128915, -2.35672364454])
set_joints([-1.56828391944, -0.446829453649, -0.00250306819168, -2.43849171686, 0.0, 1.99148523997, -2.35539389181])
set_joints([-1.56809762675, -0.385697289061, -0.00271043105159, -2.55002262738, 0.0, 2.16408032366, -2.35567919848])
set_joints([-1.56791195304, -0.284343015734, -0.00285169665489, -2.63311979299, 0.0, 2.34853223471, -2.35700261613])
set_joints([-1.56851907896, -0.141296460923, -0.00249143748303, -2.68310773187, 0.0, 2.54107041781, -2.35570887172])
gripper_close()
# going up
set_joints([-1.56851907896, -0.141296460923, -0.00249143748303, -2.68310773187, 0.0, 2.54107041781, -2.35570887172])
set_joints([-1.56851907896, -0.141296460923, -0.00249143748303, -2.68310773187, 0.0, 2.54107041781, -2.35570887172])
set_joints([-1.57045278525, -0.284154443018, -0.000128392127745, -2.63284718873, 0.0, 2.34805897386, -2.35583656865])
set_joints([-1.56810332092, -0.386047076915, -0.00275968530012, -2.55058306967, 0.0, 2.16489410701, -2.35695197268])
set_joints([-1.57251153167, -0.446768005924, 0.00164492316036, -2.43861257664, 0.0, 1.99218609383, -2.35604454962])
set_joints([-1.5674916619, -0.472539751821, -0.00292905779539, -2.30132776631, 0.0, 1.82872838469, -2.3546759337])
set_joints([-1.57017145432, -0.466140195028, -0.000576328923124, -2.13869962785, 0.0, 1.67193790237, -2.35551486018])
#start placing
set_joints([-1.56860915154, -0.431418702625, -0.00183070573738, -1.95002386303, 0.0, 1.51893268243, -2.35633916726])
set_joints([1.73745952375, -0.15841445168, 0.00782961215335, -1.68609325551, 0.0, 1.52743533453, 0.959761907402])
# going down
set_joints([1.73929564969, -0.158709350126, 0.00596579773788, -1.68655288213, 0.0, 1.52782882499, -0.78587349595])
set_joints([1.73929564969, -0.158709350126, 0.00596579773788, -1.68655288213, 0.0, 1.52782882499, -0.78587349595])
set_joints([1.74755130999, -0.177586193769, -0.00154959370508, -1.78030365416, 0.0, 1.60166131445, -0.784993898469])
set_joints([1.74367098492, -0.190809418505, 0.00186868879546, -1.8676601395, 0.0, 1.67716019146, -0.785489476041])
set_joints([1.74403398525, -0.197222755084, 0.00151197733415, -1.94695932928, 0.0, 1.75058095134, -0.784857257856])
set_joints([1.74240108792, -0.196596663107, 0.00326853783214, -2.01811912395, 0.0, 1.82098324406, -0.78595468979])
set_joints([1.74290420943, -0.190281188034, 0.00275189062655, -2.08388070955, 0.0, 1.89380610775, -0.784719224867])
set_joints([1.75177615049, -0.177537849469, -0.00588154003079, -2.14325587945, 0.0, 1.96562437915, -0.786040789488])
gripper_open()
# going up
set_joints([1.75177615049, -0.177537849469, -0.00588154003079, -2.14325587945, 0.0, 1.96562437915, -0.786040789488])
set_joints([1.75177615049, -0.177537849469, -0.00588154003079, -2.14325587945, 0.0, 1.96562437915, -0.786040789488])
set_joints([1.74310404912, -0.190199461853, 0.00266307601085, -2.08377411455, 0.0, 1.89391861345, -0.784655547206])
set_joints([1.75061724111, -0.196724152048, -0.00453719837402, -2.01812530392, 0.0, 1.8212190742, -0.784567652525])
set_joints([1.7448805671, -0.196791280593, 0.000766290061978, -1.94615185738, 0.0, 1.74881177088, -0.786135077288])
set_joints([1.7463861125, -0.190822065199, -0.000549022647003, -1.86740221383, 0.0, 1.67579882454, -0.784516138874])
set_joints([1.7482481507, -0.178286277796, -0.00228530753512, -1.78135699957, 0.0, 1.6026978338, -0.784811762992])

# Brick 9

print "starting Brick 9"
#start picking
gripper_open()
set_joints([1.74299022654, -0.158582790626, 0.00243927637079, -1.6863792805, 0.0, 1.52758679061, -0.786812283284])
# going down
set_joints([-1.96236699499, -0.330039614909, -0.00140075396248, -1.85947751291, 0.0, 1.52884892973, -2.74873978891])
set_joints([-1.96236699499, -0.330039614909, -0.00140075396248, -1.85947751291, 0.0, 1.52884892973, -2.74873978891])
set_joints([-1.96681533922, -0.362997580205, 0.00266950222341, -2.04952895004, 0.0, 1.68642839289, -2.75055072854])
set_joints([-1.96213931923, -0.366504424165, -0.00157552514386, -2.20972725752, 0.0, 1.84260075883, -2.74855346341])
set_joints([-1.96429411543, -0.338773309931, 0.000616091616462, -2.34310804664, 0.0, 2.00385424647, -2.74844195169])
set_joints([-1.96139760022, -0.278387414605, -0.00253793979244, -2.45029277914, 0.0, 2.17229479112, -2.7492190996])
set_joints([-1.96058382472, -0.181950773304, -0.00330084742887, -2.52891069853, 0.0, 2.34792054144, -2.74865680407])
set_joints([-1.96058382472, -0.181950773304, -0.00330084742887, -2.52891069853, 0.0, 2.34792054144, -2.74865680407])
gripper_close()
# going up
set_joints([-1.96058382472, -0.181950773304, -0.00330084742887, -2.52891069853, 0.0, 2.34792054144, -2.74865680407])
set_joints([-1.96058382472, -0.181950773304, -0.00330084742887, -2.52891069853, 0.0, 2.34792054144, -2.74865680407])
set_joints([-1.96058382472, -0.181950773304, -0.00330084742887, -2.52891069853, 0.0, 2.34792054144, -2.74865680407])
set_joints([-1.96549322257, -0.277882893261, 0.00162767878711, -2.4499429135, 0.0, 2.17157956832, -2.74987107225])
set_joints([-1.96104723645, -0.339051406846, -0.00278923657304, -2.34329467496, 0.0, 2.00434560569, -2.74902841217])
set_joints([-1.96347738036, -0.366547827428, -0.000451674700606, -2.21021526764, 0.0, 1.84460964154, -2.748476183])
set_joints([-1.96153518576, -0.362933451211, -0.00208667372566, -2.04950852142, 0.0, 1.68597069932, -2.74875802063])
#start placing
set_joints([-1.96400557722, -0.330539050752, 0.000217576410154, -1.8599316278, 0.0, 1.53008072439, -2.74855650545])
set_joints([1.3903280897, -0.158516807199, 0.00496105790231, -1.68618529378, 0.0, 1.52761803908, 0.610338432721])
# going down
set_joints([1.3957352459, -0.158272692136, 0.00011295496499, -1.68587324779, 0.0, 1.52677777572, 2.35527835784])
set_joints([1.3957352459, -0.158272692136, 0.00011295496499, -1.68587324779, 0.0, 1.52677777572, 2.35527835784])
set_joints([1.39293343992, -0.192673621494, 0.00248910349956, -1.88239858994, 0.0, 1.69022942432, 2.35591941547])
set_joints([1.39172301922, -0.194865220146, 0.00381868659897, -2.04174989952, 0.0, 1.84668204015, 2.35510868108])
set_joints([1.39516125553, -0.168224239507, 0.000503891199684, -2.17240539723, 0.0, 2.00458810981, 2.3562517084])
set_joints([1.39536610487, -0.110986925223, 0.000303494251721, -2.27359441067, 0.0, 2.16201054481, 2.35672354355])
set_joints([1.39536610487, -0.110986925223, 0.000303494251721, -2.27359441067, 0.0, 2.16201054481, 2.35672354355])
set_joints([1.4024078485, 0.092312372335, -0.00651567911624, -2.39004433798, 0.0, 2.48166602522, 2.3561491052])
gripper_open()
# going up
set_joints([1.4024078485, 0.092312372335, -0.00651567911624, -2.39004433798, 0.0, 2.48166602522, 2.3561491052])
set_joints([1.4024078485, 0.092312372335, -0.00651567911624, -2.39004433798, 0.0, 2.48166602522, 2.3561491052])
set_joints([1.4024078485, 0.092312372335, -0.00651567911624, -2.39004433798, 0.0, 2.48166602522, 2.3561491052])
set_joints([1.39246718492, -0.111289294666, 0.00343611211154, -2.2743403523, 0.0, 2.16389707944, 2.35639023068])
set_joints([1.39447732974, -0.168187487476, 0.00126056465159, -2.17214022635, 0.0, 2.00426816841, 2.35516635636])
set_joints([1.39832371021, -0.194926173961, -0.00246128398051, -2.04205400004, 0.0, 1.84730169648, 2.35558756471])
set_joints([1.3934771997, -0.192778519159, 0.00225313752434, -1.88265864144, 0.0, 1.69050621013, 2.3556892529])

# Brick 10

print "starting Brick 10"
#start picking
gripper_open()
set_joints([1.39055212893, -0.158989335805, 0.00488099884613, -1.68704142949, 0.0, 1.52863963982, 2.355384991])
# going down
set_joints([1.39055212893, -0.158989335805, 0.00488099884613, -1.68704142949, 0.0, 1.52863963982, 2.355384991])
set_joints([1.39055212893, -0.158989335805, 0.00488099884613, -1.68704142949, 0.0, 1.52863963982, 2.355384991])
set_joints([1.39055212893, -0.158989335805, 0.00488099884613, -1.68704142949, 0.0, 1.52863963982, 2.355384991])
set_joints([1.39055212893, -0.158989335805, 0.00488099884613, -1.68704142949, 0.0, 1.52863963982, 2.355384991])
set_joints([1.39055212893, -0.158989335805, 0.00488099884613, -1.68704142949, 0.0, 1.52863963982, 2.355384991])
set_joints([1.39055212893, -0.158989335805, 0.00488099884613, -1.68704142949, 0.0, 1.52863963982, 2.355384991])
set_joints([1.39055212893, -0.158989335805, 0.00488099884613, -1.68704142949, 0.0, 1.52863963982, 2.355384991])
set_joints([-1.23824009488, 0.162964403414, -0.00466204863908, -2.29103023025, 0.0, 2.45368978172, -2.02902554405])
gripper_close()
# going up
set_joints([-1.23824009488, 0.162964403414, -0.00466204863908, -2.29103023025, 0.0, 2.45368978172, -2.02902554405])
set_joints([-1.23824009488, 0.162964403414, -0.00466204863908, -2.29103023025, 0.0, 2.45368978172, -2.02902554405])
set_joints([-1.23824009488, 0.162964403414, -0.00466204863908, -2.29103023025, 0.0, 2.45368978172, -2.02902554405])
set_joints([-1.23824009488, 0.162964403414, -0.00466204863908, -2.29103023025, 0.0, 2.45368978172, -2.02902554405])
set_joints([-1.23719020964, -0.0828418779678, -0.00585780706365, -2.07763299499, 0.0, 1.99497887403, -2.02899109228])
set_joints([-1.23719020964, -0.0828418779678, -0.00585780706365, -2.07763299499, 0.0, 1.99497887403, -2.02899109228])
set_joints([-1.23719020964, -0.0828418779678, -0.00585780706365, -2.07763299499, 0.0, 1.99497887403, -2.02899109228])
#start placing
set_joints([-1.23719020964, -0.0828418779678, -0.00585780706365, -2.07763299499, 0.0, 1.99497887403, -2.02899109228])
set_joints([1.39495427935, -0.158344946405, 0.000797945962495, -1.68598365368, 0.0, 1.52693909887, 0.609879199959])
# going down
set_joints([1.39259941638, -0.158752459857, 0.00289909909673, -1.686439937, 0.0, 1.52773092881, 2.35547824887])
set_joints([1.39558732386, -0.168103316092, 0.000109600205122, -2.17227124681, 0.0, 2.00406425107, 2.35586192598])
set_joints([1.39861210537, -0.169828351701, -0.00282353064528, -2.16746006657, 0.0, 1.99754744506, 2.35550501201])
set_joints([1.39474388695, -0.171368607808, 0.000994687810116, -2.16297906218, 0.0, 1.99253985357, 2.35539257941])
set_joints([1.39216628482, -0.172949125865, 0.00357141126694, -2.1576976533, 0.0, 1.98425374115, 2.35542285523])
set_joints([1.39687136686, -0.174443898624, -0.000986500692115, -2.15295929862, 0.0, 1.9788617785, 2.35690876316])
set_joints([1.39313714623, -0.17566277018, 0.00260720813589, -2.14785520088, 0.0, 1.9715821507, 2.35608770405])
set_joints([1.39355290907, -0.177228423484, 0.0020702886275, -2.14287990303, 0.0, 1.96480420216, 2.35570956296])
gripper_open()
# going up
set_joints([1.39355290907, -0.177228423484, 0.0020702886275, -2.14287990303, 0.0, 1.96480420216, 2.35570956296])
set_joints([1.39355290907, -0.177228423484, 0.0020702886275, -2.14287990303, 0.0, 1.96480420216, 2.35570956296])
set_joints([1.39509255706, -0.189861485593, 0.000542772173835, -2.08337577112, 0.0, 1.89302292891, 2.35574636106])
set_joints([1.3892069701, -0.196469571405, 0.006135602387, -2.01779470243, 0.0, 1.82115222697, 2.3549734401])
set_joints([1.39587455057, -0.196644709375, -0.000220367887404, -1.94599166272, 0.0, 1.74901039366, 2.35583995029])
set_joints([1.39173254514, -0.191162720215, 0.00372706709945, -1.86788959642, 0.0, 1.67682152679, 2.3553219578])
set_joints([1.39336504529, -0.178612033187, 0.00221679826174, -1.78173144413, 0.0, 1.60407810998, 2.35647722261])

# Brick 11

print "starting Brick 11"
#start picking
gripper_open()
set_joints([1.39430531393, -0.158294485507, 0.00129020569949, -1.68560048602, 0.0, 1.52632910843, 2.35598786156])
# going down
set_joints([-1.56819185927, -0.157683547386, -0.00244184951146, -1.68526977326, 0.0, 1.52806596825, -2.35697514792])
set_joints([-1.56819185927, -0.157683547386, -0.00244184951146, -1.68526977326, 0.0, 1.52806596825, -2.35697514792])
set_joints([-1.57162125679, -0.191326994561, 0.000769622381239, -1.88055323313, 0.0, 1.68902932172, -2.35596782232])
set_joints([-1.56946425469, -0.194102881306, -0.00136525895883, -2.0406995643, 0.0, 1.8465371406, -2.35602369974])
set_joints([-1.56729455106, -0.167011347463, -0.00336016966642, -2.17118066122, 0.0, 2.00480949424, -2.3550399967])
set_joints([-1.57085897053, -0.110212977464, -4.14093688224e-05, -2.27281258978, 0.0, 2.1623414127, -2.35565215845])
set_joints([-1.57083420235, -0.022905002162, -0.000137798598655, -2.34563446928, 0.0, 2.32216667875, -2.35686597588])
set_joints([-1.57719485345, 0.0935055499817, 0.00643709019998, -2.3885452302, 0.0, 2.48140730245, -2.35671020594])
gripper_close()
# going up
set_joints([-1.57719485345, 0.0935055499817, 0.00643709019998, -2.3885452302, 0.0, 2.48140730245, -2.35671020594])
set_joints([-1.57719485345, 0.0935055499817, 0.00643709019998, -2.3885452302, 0.0, 2.48140730245, -2.35671020594])
set_joints([-1.57719485345, 0.0935055499817, 0.00643709019998, -2.3885452302, 0.0, 2.48140730245, -2.35671020594])
set_joints([-1.57391467573, -0.109789256967, 0.00298043114859, -2.27257904252, 0.0, 2.16272999074, -2.35702050798])
set_joints([-1.56646149692, -0.166952224574, -0.00411540324155, -2.17072958876, 0.0, 2.00333093929, -2.35646072623])
set_joints([-1.57291308067, -0.193579668904, 0.00188671364811, -2.04011509268, 0.0, 1.84560780858, -2.35610825455])
set_joints([-1.57000907491, -0.190729670296, -0.000858720615821, -1.88002197659, 0.0, 1.68809751605, -2.35583511343])
#start placing
set_joints([-1.56454027281, -0.157364547311, -0.00572609789739, -1.68507486874, 0.0, 1.52733180383, -2.35504013203])
set_joints([-1.56454027281, -0.157364547311, -0.00572609789739, -1.68507486874, 0.0, 1.52733180383, -2.35504013203])
# going down
set_joints([1.05291206913, -0.157255273901, -0.0053095479372, -1.68454527986, 0.0, 1.52676454549, 2.35650797994])
set_joints([1.04755868223, -0.15701096577, -0.000258609652964, -1.68454080638, 0.0, 1.52664715539, 2.35568211106])
set_joints([1.04374590399, -0.190928645537, 0.00321598523085, -1.88041573782, 0.0, 1.68873283241, 2.35552364947])
set_joints([1.05154824913, -0.193650690443, -0.00418757153585, -2.0403260238, 0.0, 1.84620054103, 2.35741900079])
set_joints([1.04363329867, -0.166896272479, 0.00351609940348, -2.17126051572, 0.0, 2.00506607692, 2.35666462204])
set_joints([1.04917191962, -0.109921674933, -0.00202305670057, -2.27307524863, 0.0, 2.16356171608, 2.35555895109])
set_joints([1.04917191962, -0.109921674933, -0.00202305670057, -2.27307524863, 0.0, 2.16356171608, 2.35555895109])
set_joints([1.05657031478, 0.0928863150965, -0.00938061573566, -2.38955206754, 0.0, 2.48290336931, 2.35567283885])
gripper_open()
# going up
set_joints([1.05657031478, 0.0928863150965, -0.00938061573566, -2.38955206754, 0.0, 2.48290336931, 2.35567283885])
set_joints([1.05657031478, 0.0928863150965, -0.00938061573566, -2.38955206754, 0.0, 2.48290336931, 2.35567283885])
set_joints([1.05657031478, 0.0928863150965, -0.00938061573566, -2.38955206754, 0.0, 2.48290336931, 2.35567283885])
set_joints([1.05536089955, -0.11002010874, -0.00824990389906, -2.27282739516, 0.0, 2.16309316092, 2.35642037927])
set_joints([1.04030514538, -0.166995875912, 0.00674059214125, -2.17100490753, 0.0, 2.00384031406, 2.35568088222])
set_joints([1.04248786564, -0.194275786546, 0.00449994515823, -2.04144226875, 0.0, 1.84754426591, 2.3560908286])
set_joints([1.04461337643, -0.190938771795, 0.00239848145626, -1.88015064245, 0.0, 1.68865469632, 2.3558078605])

# Brick 12

print "starting Brick 12"
#start picking
gripper_open()
set_joints([1.03858413413, -0.157691321629, 0.00788785437266, -1.68556519288, 0.0, 1.5278631253, 2.35601520965])
# going down
set_joints([1.03858413413, -0.157691321629, 0.00788785437266, -1.68556519288, 0.0, 1.5278631253, 2.35601520965])
set_joints([1.03858413413, -0.157691321629, 0.00788785437266, -1.68556519288, 0.0, 1.5278631253, 2.35601520965])
set_joints([1.03858413413, -0.157691321629, 0.00788785437266, -1.68556519288, 0.0, 1.5278631253, 2.35601520965])
set_joints([1.03858413413, -0.157691321629, 0.00788785437266, -1.68556519288, 0.0, 1.5278631253, 2.35601520965])
set_joints([1.03858413413, -0.157691321629, 0.00788785437266, -1.68556519288, 0.0, 1.5278631253, 2.35601520965])
set_joints([1.03858413413, -0.157691321629, 0.00788785437266, -1.68556519288, 0.0, 1.5278631253, 2.35601520965])
set_joints([1.03858413413, -0.157691321629, 0.00788785437266, -1.68556519288, 0.0, 1.5278631253, 2.35601520965])
set_joints([-1.89341498665, 0.162785866627, -0.00504196848434, -2.29117797529, 0.0, 2.45354372289, -2.68426139295])
gripper_close()
# going up
set_joints([-1.89341498665, 0.162785866627, -0.00504196848434, -2.29117797529, 0.0, 2.45354372289, -2.68426139295])
set_joints([-1.89341498665, 0.162785866627, -0.00504196848434, -2.29117797529, 0.0, 2.45354372289, -2.68426139295])
set_joints([-1.89341498665, 0.162785866627, -0.00504196848434, -2.29117797529, 0.0, 2.45354372289, -2.68426139295])
set_joints([-1.89341498665, 0.162785866627, -0.00504196848434, -2.29117797529, 0.0, 2.45354372289, -2.68426139295])
set_joints([-1.89341498665, 0.162785866627, -0.00504196848434, -2.29117797529, 0.0, 2.45354372289, -2.68426139295])
set_joints([-1.89376800935, -0.107614665143, -0.00474041977525, -1.94667837719, 0.0, 1.83827890938, -2.68470199789])
set_joints([-1.89531793523, -0.103332624467, -0.00309309479496, -1.78475214074, 0.0, 1.68086694877, -2.68441288404])
#start placing
set_joints([-1.89531793523, -0.103332624467, -0.00309309479496, -1.78475214074, 0.0, 1.68086694877, -2.68441288404])
set_joints([1.04347300777, -0.157326621208, 0.00330227011602, -1.68504615006, 0.0, 1.52747212803, 0.261973651559])
# going down
set_joints([1.04350925919, -0.157461141975, 0.00351044697495, -1.68523179946, 0.0, 1.5280706867, 2.35532539063])
set_joints([1.04176346095, -0.191027905758, 0.00506512613433, -1.88046820821, 0.0, 1.68945251998, 2.35587796931])
set_joints([1.04388446967, -0.195246296943, 0.00296904584191, -1.93124933466, 0.0, 1.73657917665, 2.3551398322])
set_joints([1.04351048074, -0.196421632373, 0.00349663213422, -1.97850174849, 0.0, 1.78223045655, 2.3554011059])
set_joints([1.05379819852, -0.195307090705, -0.00609835796672, -2.0232874963, 0.0, 1.82819392596, 2.35672775482])
set_joints([1.04241118048, -0.191667744833, 0.00465568870368, -2.06537753134, 0.0, 1.87405365765, 2.35509026332])
set_joints([1.04926610189, -0.185125880925, -0.00210975944319, -2.10481258972, 0.0, 1.91977892293, 2.35626214801])
set_joints([1.04582033037, -0.175709766963, 0.00140170871708, -2.1411783681, 0.0, 1.96435014063, 2.35717623068])
gripper_open()
# going up
set_joints([1.04582033037, -0.175709766963, 0.00140170871708, -2.1411783681, 0.0, 1.96435014063, 2.35717623068])
set_joints([1.04582033037, -0.175709766963, 0.00140170871708, -2.1411783681, 0.0, 1.96435014063, 2.35717623068])
set_joints([1.04254157036, -0.189000323876, 0.00434920211216, -2.08227754218, 0.0, 1.89314647637, 2.3555872629])
set_joints([1.03988785117, -0.195471304168, 0.00691074518674, -2.01671999673, 0.0, 1.82123402976, 2.35525511903])
set_joints([1.04799249113, -0.196236615759, -0.000661661604292, -1.94566815947, 0.0, 1.75055882969, 2.35705762013])
set_joints([1.04718213655, -0.189883114603, 2.4909243532e-05, -1.86643148894, 0.0, 1.67664333977, 2.35532933775])
set_joints([1.04216694166, -0.17729694083, 0.00464058069623, -1.78058983054, 0.0, 1.6037042251, 2.35504621106])

# Knocking 
