
	# Brick 1
	# open gripper
	set_joints([0.06, 0.06], [-7.78847681824e-05, -0.785394211461, 9.26921103615e-05, -1.57077081034, -6.34322592057e-05, 1.04721568811, 9.94863432366e-05])
	# going down
	set_joints([0.06, 0.06], [-0.937103010251, -0.770284375416, -0.01, -2.18859874261, -0.00747301448718, 1.41743033698, -1.73126145513])
	set_joints([0.06, 0.06], [-0.936420891838, -0.351484999003, -0.00993758701127, -1.2120047192, -0.00536387642762, 0.861373644317, -1.73433005923])
	set_joints([0.06, 0.06], [-0.936839113889, -0.681624351129, -0.0091343835064, -1.94560469053, -0.00695466996668, 1.2644827938, -1.73050195441])
	set_joints([0.06, 0.06], [-0.939804673432, -0.837740537732, -0.00934696127372, -2.43225888668, -0.00719623375529, 1.59361799112, -1.73075822439])
	set_joints([0.06, 0.06], [-0.944403961817, -0.838598446602, -0.00918649857745, -2.80691267272, -0.00827299708812, 1.96779815567, -1.73227909072])
	# close gripper
	set_joints([0.06, 0.06], [-0.946928227947, -0.527228681727, -0.00992294469952, -3.03508040462, -0.00729604142589, 2.50680849186, -1.73421130472])
	# going up

	set_joints([0, 0], [-0.946928227947, -0.527228681727, -0.00992294469952, -3.03508040462, -0.00729604142589, 2.50680849186, -1.73421130472])
	set_joints([0, 0], [-0.946928227947, -0.527228681727, -0.00992294469952, -3.03508040462, -0.00729604142589, 2.50680849186, -1.73421130472])
	set_joints([0, 0], [-0.946866719282, -0.774397006151, -0.00816411640289, -2.91337730131, -0.00724510658107, 2.13914081928, -1.73442198368])
	set_joints([0, 0], [-0.945953956543, -0.859570217588, -0.00709468277355, -2.71785045783, -0.00577666138022, 1.85802293518, -1.73517002035])
	set_joints([0, 0], [-0.945467432404, -0.846398164236, -0.00576017664191, -2.47448906956, -0.00484982989436, 1.62747154645, -1.73487566415])
	set_joints([0, 0], [-0.945107155733, -0.770289508964, -0.00492948376755, -2.18873239401, -0.00458979487154, 1.41774318496, -1.73519135889])
	set_joints([0, 0], [2.45502853054, -0.158270217598, -0.00992064577619, -1.68603731761, -0.00152794897475, 1.52788190467, 1.65913373334])
	# going down
	set_joints([0, 0], [2.45519888153, -0.158207055716, -0.00964459418933, -1.685800872, -0.00260307466472, 1.52735881831, -0.783519999868])
	set_joints([0, 0], [2.45519888153, -0.158207055716, -0.00964459418933, -1.685800872, -0.00260307466472, 1.52735881831, -0.783519999868])
	set_joints([0, 0], [2.45485980639, -0.196834518396, -0.00974297161868, -1.965270861, -0.00247567000927, 1.76825931902, -0.783630592979])
	set_joints([0, 0], [2.45436849664, -0.16779097033, -0.01, -2.17191196488, -0.0014580526049, 2.0044940948, -0.784407957274])
	set_joints([0, 0], [2.4539437327, -0.0710439151192, -0.01, -2.31394504521, -0.000143065592635, 2.24299558429, -0.784718193382])
	# open gripper
	set_joints([0, 0], [2.45404184005, 0.0921317519354, -0.00995619528225, -2.39070213206, 0.00149632254808, 2.48410613941, -0.78681429295])
	# going up

	set_joints([0.06, 0.06], [2.45404184005, 0.0921317519354, -0.00995619528225, -2.39070213206, 0.00149632254808, 2.48410613941, -0.78681429295])
	set_joints([0.06, 0.06], [2.45404184005, 0.0921317519354, -0.00995619528225, -2.39070213206, 0.00149632254808, 2.48410613941, -0.78681429295])
	set_joints([0.06, 0.06], [2.43406973279, -0.0707632671246, 0.01, -2.31338102788, 0.00150574475521, 2.24169319299, -0.785913235594])
	set_joints([0.06, 0.06], [2.43388127709, -0.167793419331, 0.0094756086648, -2.17194829201, 0.00215039958924, 2.00419204398, -0.787893421413])
	set_joints([0.06, 0.06], [2.43371585986, -0.19737828538, 0.00933107590833, -1.96624674138, 0.00190068090851, 1.76993977218, -0.787373316405])

	# Brick 4
	# open gripper
	set_joints([0.06, 0.06], [2.43357093221, -0.158710405, 0.00930239687599, -1.68662306287, 0.00150087088644, 1.52923367896, -0.787062130328])
	# going down
	set_joints([0.06, 0.06], [-0.75878646215, -0.239283879627, -0.00972061422891, -1.77134035321, -0.00313740045741, 1.53288741015, -1.55458371641])
	set_joints([0.06, 0.06], [-0.758827487183, -0.238628540293, -0.00968707601067, -1.76968454199, -0.00294589104382, 1.53031292666, -1.5539654052])
	set_joints([0.06, 0.06], [-0.759428879458, -0.276692065508, -0.00952376452173, -2.04637088069, -0.00365795267037, 1.77022293435, -1.55277548583])
	set_joints([0.06, 0.06], [-0.759613505135, -0.24645495892, -0.01, -2.2539247556, -0.00372490764288, 2.00843530031, -1.55298862213])
	set_joints([0.06, 0.06], [-0.760472215622, -0.145815475024, -0.00982623429647, -2.39901255039, -0.000667664405104, 2.25400264335, -1.55504921351])
	# close gripper
	set_joints([0.06, 0.06], [-0.760430215541, 0.0272142597982, -0.00988863270261, -2.4770925058, -0.000257031539666, 2.50350969603, -1.55513007603])
	# going up

	set_joints([0, 0], [-0.760430215541, 0.0272142597982, -0.00988863270261, -2.4770925058, -0.000257031539666, 2.50350969603, -1.55513007603])
	set_joints([0, 0], [-0.760430215541, 0.0272142597982, -0.00988863270261, -2.4770925058, -0.000257031539666, 2.50350969603, -1.55513007603])
	set_joints([0, 0], [-0.76030579409, -0.145896844542, -0.01, -2.39911265181, -0.00144210580478, 2.25407988258, -1.55389265168])
	set_joints([0, 0], [-0.760339806664, -0.246242129537, -0.00941696773241, -2.2532289141, -0.00315631504226, 2.00614349254, -1.55347790199])
	set_joints([0, 0], [-0.760192569505, -0.276924611686, -0.00871070023319, -2.04670599942, -0.00340362241996, 1.77035802364, -1.55265314552])
	set_joints([0, 0], [-0.760011904018, -0.238642048466, -0.00851931753849, -1.77006865756, -0.00300337914451, 1.53090028329, -1.55282852572])
	set_joints([0, 0], [2.43277464443, -0.158199329761, 0.00978591894559, -1.6858339956, 0.00259388727773, 1.52710557605, 1.65744949697])
	# going down
	set_joints([0, 0], [2.45492930007, -0.158478876064, -0.00972965009699, -1.68632792178, -0.00172941293019, 1.52879306745, -0.783241192388])
	set_joints([0, 0], [2.45492930007, -0.158478876064, -0.00972965009699, -1.68632792178, -0.00172941293019, 1.52879306745, -0.783241192388])
	set_joints([0, 0], [2.4549551184, -0.185217737398, -0.00994509346127, -1.82511751791, -0.00128736255705, 1.63997901617, -0.784528957398])
	set_joints([0, 0], [2.45492552565, -0.196242621308, -0.00971201954999, -1.94516458596, -0.002146471987, 1.74778846904, -0.783795680468])
	set_joints([0, 0], [2.45447030674, -0.194074541529, -0.00950854312051, -2.05189712176, -0.00277939157259, 1.85822895556, -0.782531291101])
	# open gripper
	set_joints([0, 0], [2.454522088, -0.177183974846, -0.00963638527109, -2.14291516176, -0.00271595936635, 1.9657132168, -0.782862261451])
	# going up

	set_joints([0.06, 0.06], [2.454522088, -0.177183974846, -0.00963638527109, -2.14291516176, -0.00271595936635, 1.9657132168, -0.782862261451])
	set_joints([0.06, 0.06], [2.454522088, -0.177183974846, -0.00963638527109, -2.14291516176, -0.00271595936635, 1.9657132168, -0.782862261451])
	set_joints([0.06, 0.06], [2.45452070768, -0.194117372647, -0.00956790749309, -2.05200113893, -0.0027398153718, 1.85841671182, -0.78309994474])
	set_joints([0.06, 0.06], [2.45463661692, -0.196463402713, -0.00967084355546, -1.94572063047, -0.00142165394113, 1.74897441922, -0.783342309309])
	set_joints([0.06, 0.06], [2.45465469468, -0.184930178937, -0.00945098507229, -1.82507406759, -0.00249931945513, 1.63996478619, -0.783345372804])

	# Brick 5
	# open gripper
	set_joints([0.06, 0.06], [2.45471728826, -0.158765247745, -0.00963408472903, -1.68669172155, -0.00147057436299, 1.52883149469, -0.783878465073])
	# going down
	set_joints([0.06, 0.06], [-1.10894455306, -0.54579283188, 0.00945051214244, -2.04125035334, 0.00562231826142, 1.49526156286, -1.88645453527])
	set_joints([0.06, 0.06], [-1.10894455306, -0.54579283188, 0.00945051214244, -2.04125035334, 0.00562231826142, 1.49526156286, -1.88645453527])
	set_joints([0.06, 0.06], [-1.10833124238, -0.594852669845, 0.01, -2.3167957037, 0.00610846736602, 1.72122530095, -1.88561927105])
	set_joints([0.06, 0.06], [-1.10623195169, -0.576544544217, 0.00979111031725, -2.54017846417, 0.00613520900501, 1.96258460979, -1.88531722083])
	set_joints([0.06, 0.06], [-1.10437476355, -0.469584690528, 0.00932567525589, -2.70686641058, 0.00604422994372, 2.23634392465, -1.88591313946])
	# close gripper
	set_joints([0.06, 0.06], [-1.08585549795, -0.253751863537, -0.01, -2.80334945118, -0.00525166607506, 2.54902343572, -1.8764762539])
	# going up

	set_joints([0, 0], [-1.08585549795, -0.253751863537, -0.01, -2.80334945118, -0.00525166607506, 2.54902343572, -1.8764762539])
	set_joints([0, 0], [-1.08585549795, -0.253751863537, -0.01, -2.80334945118, -0.00525166607506, 2.54902343572, -1.8764762539])
	set_joints([0, 0], [-1.08578629222, -0.470323292368, -0.00934553619267, -2.70796457875, -0.00503501299909, 2.23821245559, -1.87544157737])
	set_joints([0, 0], [-1.08598453021, -0.576775180444, -0.0080079760813, -2.54082439472, -0.00560948068133, 1.96444677939, -1.87517006742])
	set_joints([0, 0], [-1.08558058832, -0.594990101491, -0.00713559529194, -2.31754015788, -0.00472598501689, 1.72227648254, -1.87533465068])
	set_joints([0, 0], [-1.08504362335, -0.546001642606, -0.00716482973923, -2.04176487939, -0.00320237496049, 1.49635032267, -1.87638007443])
	set_joints([0, 0], [2.10562673406, -0.15792308156, -0.00994214743055, -1.68597116889, -0.00142653720473, 1.52874223063, 1.30942510515])
	# going down
	set_joints([0, 0], [2.1053566593, -0.157433874024, -0.01, -1.68502193148, -0.000775965884797, 1.52777088211, -0.783865145902])
	set_joints([0, 0], [2.1053566593, -0.157433874024, -0.01, -1.68502193148, -0.000775965884797, 1.52777088211, -0.783865145902])
	set_joints([0, 0], [2.10531401309, -0.195945254617, -0.00981283653829, -1.96408036095, -0.001703385832, 1.7670280337, -0.783220340618])
	set_joints([0, 0], [2.1047349572, -0.16736118893, -0.00980520305503, -2.17154450866, -0.00137621631439, 2.00488140221, -0.784335989022])
	set_joints([0, 0], [2.10437575872, -0.0703754044376, -0.00989382091074, -2.31365556871, -0.00150759103304, 2.24412443909, -0.783687282842])
	# open gripper
	set_joints([0, 0], [2.10452066555, 0.0931205736418, -0.01, -2.38926738125, -0.000382029785007, 2.48224484257, -0.783995879423])
	# going up

	set_joints([0.06, 0.06], [2.10452066555, 0.0931205736418, -0.01, -2.38926738125, -0.000382029785007, 2.48224484257, -0.783995879423])
	set_joints([0.06, 0.06], [2.10452066555, 0.0931205736418, -0.01, -2.38926738125, -0.000382029785007, 2.48224484257, -0.783995879423])
	set_joints([0.06, 0.06], [2.10438636378, -0.0702012145931, -0.0099256758424, -2.31345217121, -0.00110705404318, 2.24444087285, -0.785155414737])
	set_joints([0.06, 0.06], [2.10463396212, -0.166900540129, -0.00962268792993, -2.17099847085, -0.00235916501973, 2.00430976182, -0.784529416936])
	set_joints([0.06, 0.06], [2.10472318038, -0.19665972112, -0.00953341209789, -1.96519257784, -0.000875619196666, 1.76865447216, -0.7834463544])

	# Brick 6
	# open gripper
	set_joints([0.06, 0.06], [2.10496697982, -0.157255172322, -0.00938506028847, -1.68469671234, -0.00104498224482, 1.52647960867, -0.784197446949])
	# going down
	set_joints([0.06, 0.06], [-1.5552734271, -0.666854055746, -0.00969676545601, -2.12654137515, -0.00588916482101, 1.46078912215, -2.34807810819])
	set_joints([0.06, 0.06], [-1.5552734271, -0.666854055746, -0.00969676545601, -2.12654137515, -0.00588916482101, 1.46078912215, -2.34807810819])
	set_joints([0.06, 0.06], [-1.5565933619, -0.72804346143, -0.01, -2.40658833979, -0.00787543085142, 1.67879166942, -2.34910280618])
	set_joints([0.06, 0.06], [-1.55910333014, -0.722445585551, -0.01, -2.639086844, -0.00702167812732, 1.91529626804, -2.34987987701])
	set_joints([0.06, 0.06], [-1.56146641976, -0.623200159825, -0.01, -2.82024434751, -0.00567047201473, 2.19702219206, -2.35255399172])
	# close gripper
	set_joints([0.06, 0.06], [-1.56294109784, -0.388862125083, -0.0092740058278, -2.9277737085, -0.00587261133451, 2.53790510385, -2.35118315194])
	# going up

	set_joints([0, 0], [-1.56294109784, -0.388862125083, -0.0092740058278, -2.9277737085, -0.00587261133451, 2.53790510385, -2.35118315194])
	set_joints([0, 0], [-1.56294109784, -0.388862125083, -0.0092740058278, -2.9277737085, -0.00587261133451, 2.53790510385, -2.35118315194])
	set_joints([0, 0], [-1.56292083028, -0.623158315143, -0.00812573466068, -2.82022786807, -0.00576967693885, 2.19646886467, -2.35123417399])
	set_joints([0, 0], [-1.56238571331, -0.72309713682, -0.00731230519652, -2.63978231221, -0.00486715912476, 1.91703263163, -2.35211428809])
	set_joints([0, 0], [-1.56238272496, -0.727381278778, -0.00607354832438, -2.40602512982, -0.00410478823769, 1.67759890451, -2.35110693514])
	set_joints([0, 0], [-1.56177296247, -0.666667143732, -0.00563246336362, -2.12649394547, -0.00400200410014, 1.46065360217, -2.35247261998])
	set_joints([0, 0], [2.08346580045, -0.157319317404, 0.00972775672262, -1.68492461485, 0.00170345355205, 1.52670060094, 1.30774531545])
	# going down
	set_joints([0, 0], [2.10540153334, -0.15757139657, -0.00957553750635, -1.68514195456, -0.00268621723612, 1.5276609693, -0.783448508949])
	set_joints([0, 0], [2.1055279571, -0.157392925937, -0.00980830372981, -1.68511831984, -0.00134855740276, 1.5269357075, -0.784736223011])
	set_joints([0, 0], [2.10531118654, -0.184228158744, -0.00953616815488, -1.8243568708, -0.00300022627978, 1.64017607955, -0.783213156367])
	set_joints([0, 0], [2.10515455268, -0.195273640713, -0.0098598766091, -1.94448346542, -0.00182806212516, 1.74801837472, -0.784672598608])
	set_joints([0, 0], [2.10506439127, -0.193163704064, -0.01, -2.05092611301, -0.000897503522729, 1.85791043539, -0.784543239107])
	# open gripper
	set_joints([0, 0], [2.10464832609, -0.176496047938, -0.00980549618723, -2.14252387973, -0.00150479046547, 1.96685917849, -0.783478399857])
	# going up

	set_joints([0.06, 0.06], [2.10464832609, -0.176496047938, -0.00980549618723, -2.14252387973, -0.00150479046547, 1.96685917849, -0.783478399857])
	set_joints([0.06, 0.06], [2.10464832609, -0.176496047938, -0.00980549618723, -2.14252387973, -0.00150479046547, 1.96685917849, -0.783478399857])
	set_joints([0.06, 0.06], [2.1046921639, -0.193292886538, -0.00957931465267, -2.05109531111, -0.00206365386247, 1.85906367005, -0.783367246533])
	set_joints([0.06, 0.06], [2.10499314394, -0.195963739021, -0.00958141816156, -1.94536890166, -0.00127115432365, 1.74974024406, -0.78481736631])
	set_joints([0.06, 0.06], [2.10494709655, -0.18461948934, -0.00935607557368, -1.82475191844, -0.0021694497034, 1.64060941827, -0.784285279515])

	# Brick 7
	# open gripper
	set_joints([0.06, 0.06], [2.10496497634, -0.157747695098, -0.00953769759656, -1.68571369708, -0.00104430943953, 1.52862136849, -0.784487781703])
	# going down
	set_joints([0.06, 0.06], [-2.03216552107, -0.546025430266, -0.00987206178213, -2.04188253875, -0.00525124735327, 1.49659546894, -2.82642456432])
	set_joints([0.06, 0.06], [-2.03216552107, -0.546025430266, -0.00987206178213, -2.04188253875, -0.00525124735327, 1.49659546894, -2.82642456432])
	set_joints([0.06, 0.06], [-2.03403724818, -0.595241178831, -0.00932912111431, -2.31767101211, -0.00544021969955, 1.72284048615, -2.8254733785])
	set_joints([0.06, 0.06], [-2.03527792265, -0.576426940885, -0.01, -2.54014478129, -0.00554205740649, 1.96301806502, -2.82735117101])
	set_joints([0.06, 0.06], [-2.03702303803, -0.469939203012, -0.00954933730922, -2.70732901918, -0.00672156424862, 2.23733242985, -2.82624728506])
	# close gripper
	set_joints([0.06, 0.06], [-2.03718133872, -0.253945287907, -0.01, -2.80333302248, -0.00533519125083, 2.54846766734, -2.82878717509])
	# going up

	set_joints([0, 0], [-2.03718133872, -0.253945287907, -0.01, -2.80333302248, -0.00533519125083, 2.54846766734, -2.82878717509])
	set_joints([0, 0], [-2.03718133872, -0.253945287907, -0.01, -2.80333302248, -0.00533519125083, 2.54846766734, -2.82878717509])
	set_joints([0, 0], [-2.03771727457, -0.47009707962, -0.00880377396967, -2.7078193247, -0.00566233902465, 2.23826527044, -2.82647072569])
	set_joints([0, 0], [-2.03740427415, -0.576432701483, -0.00791820382298, -2.54059596862, -0.00483901498006, 1.96480310942, -2.82674909092])
	set_joints([0, 0], [-2.03695184535, -0.595629036428, -0.00724341507144, -2.31822134006, -0.00384601972093, 1.72370692162, -2.82698491998])
	set_joints([0, 0], [-2.03664506714, -0.546094646806, -0.00642893222782, -2.04178799287, -0.00445025895076, 1.49609822476, -2.82768819965])
	set_joints([0, 0], [1.7568878252, -0.158434053356, -0.00989168440479, -1.68588218997, -0.00142958099063, 1.52690172197, 0.961979108737])
	# going down
	set_joints([0, 0], [1.75694250933, -0.158502876911, -0.00976328220395, -1.68641908824, -0.00214121074827, 1.52754262925, -0.784494778063])
	set_joints([0, 0], [1.75694250933, -0.158502876911, -0.00976328220395, -1.68641908824, -0.00214121074827, 1.52754262925, -0.784494778063])
	set_joints([0, 0], [1.75677374145, -0.197279825359, -0.00972691280361, -1.96575690152, -0.00256620132613, 1.76806556121, -0.782510056931])
	set_joints([0, 0], [1.75625350628, -0.167825142068, -0.00984107171096, -2.17154827307, -0.00238389564616, 2.00317145919, -0.784583766422])
	set_joints([0, 0], [1.75580379846, -0.071129831596, -0.0098645830008, -2.31399143506, -0.000976056673318, 2.24206440687, -0.783895082726])
	# open gripper
	set_joints([0, 0], [1.75549747442, 0.0922093143801, -0.00955830396724, -2.3901326829, 0.00296629582824, 2.48193968488, -0.787880253312])
	# going up

	set_joints([0.06, 0.06], [1.75549747442, 0.0922093143801, -0.00955830396724, -2.3901326829, 0.00296629582824, 2.48193968488, -0.787880253312])
	set_joints([0.06, 0.06], [1.75549747442, 0.0922093143801, -0.00955830396724, -2.3901326829, 0.00296629582824, 2.48193968488, -0.787880253312])
	set_joints([0.06, 0.06], [1.75585510271, -0.0710128087167, -0.00999166725791, -2.31401109151, -0.00194941571322, 2.24266354041, -0.783623914321])
	set_joints([0.06, 0.06], [1.75616507112, -0.168488632476, -0.00996568238187, -2.17270102764, -0.0011103017914, 2.00492485606, -0.783663352559])
	set_joints([0.06, 0.06], [1.75643492215, -0.197472749569, -0.00957305309891, -1.96610663971, -0.00130761984938, 1.76916259043, -0.783559331853])

	# Brick 9
	# open gripper
	set_joints([0.06, 0.06], [1.75662281222, -0.159212581848, -0.00949506519474, -1.68733976267, -0.00158146610014, 1.52934384333, -0.784745109481])
	# going down
	set_joints([0.06, 0.06], [-0.880032741746, -0.0265051105413, -0.00983554195078, -1.53614181459, -0.000618832412673, 1.51007681694, -1.67437716182])
	set_joints([0.06, 0.06], [-0.880032741746, -0.0265051105413, -0.00983554195078, -1.53614181459, -0.000618832412673, 1.51007681694, -1.67437716182])
	set_joints([0.06, 0.06], [-0.880038081107, -0.0709225727631, -0.0099832016398, -1.82652666429, -0.000177075113855, 1.75475181551, -1.67455177159])
	set_joints([0.06, 0.06], [-0.880078804127, -0.0455814199207, -0.01, -2.03412269904, -0.000726666793032, 1.98819596673, -1.67493965327])
	set_joints([0.06, 0.06], [-0.880460954218, 0.0436956729092, -0.00998460758057, -2.17370902787, 0.000721849658014, 2.21674136628, -1.67678451325])
	# close gripper
	set_joints([0.06, 0.06], [-0.880702187644, 0.193507685257, -0.0096366076792, -2.24707477694, 0.00394311170167, 2.43973568956, -1.67766307225])
	# going up

	set_joints([0, 0], [-0.880702187644, 0.193507685257, -0.0096366076792, -2.24707477694, 0.00394311170167, 2.43973568956, -1.67766307225])
	set_joints([0, 0], [-0.880702187644, 0.193507685257, -0.0096366076792, -2.24707477694, 0.00394311170167, 2.43973568956, -1.67766307225])
	set_joints([0, 0], [-0.880203770328, 0.0436949173064, -0.00991656437845, -2.17385745467, -0.000603160317176, 2.21721159386, -1.67609315658])
	set_joints([0, 0], [-0.880196216752, -0.0459546950023, -0.00974522111925, -2.03463314393, -0.00127597357445, 1.98935768092, -1.67449604881])
	set_joints([0, 0], [-0.880144671448, -0.071319752791, -0.00971410853923, -1.82692028655, -0.000846018960696, 1.75516351658, -1.67428463986])
	set_joints([0, 0], [-0.880281858478, -0.0259971684924, -0.00990666837254, -1.53511497017, 0.000363507569305, 1.50810238998, -1.67522428679])
	set_joints([0, 0], [1.75678045331, -0.158724119399, -0.00999277074183, -1.68654120535, -0.00102090899612, 1.52814871096, 0.96109036161])
	# going down
	set_joints([0, 0], [1.75693150796, -0.158742780291, -0.00968924605483, -1.68648341001, -0.00230721101357, 1.52763208648, -0.78428596889])
	set_joints([0, 0], [1.75693150796, -0.158742780291, -0.00968924605483, -1.68648341001, -0.00230721101357, 1.52763208648, -0.78428596889])
	set_joints([0, 0], [1.75685388132, -0.185644454338, -0.00995120701939, -1.82574401029, -0.00126539515766, 1.64016047792, -0.78455141161])
	set_joints([0, 0], [1.75678632658, -0.197115980687, -0.00960768805658, -1.94666876055, -0.00292781716241, 1.74963093589, -0.783911438442])
	set_joints([0, 0], [1.75646250402, -0.194722276681, -0.00985017414037, -2.05259754388, -0.00202366561409, 1.85885662913, -0.783185471469])
	# open gripper
	set_joints([0, 0], [1.75640833832, -0.176954745141, -0.00990032942502, -2.14262335531, -0.00191649184825, 1.9648301731, -0.784341493232])
	# going up

	set_joints([0.06, 0.06], [1.75640833832, -0.176954745141, -0.00990032942502, -2.14262335531, -0.00191649184825, 1.9648301731, -0.784341493232])
	set_joints([0.06, 0.06], [1.75640833832, -0.176954745141, -0.00990032942502, -2.14262335531, -0.00191649184825, 1.9648301731, -0.784341493232])
	set_joints([0.06, 0.06], [1.75634307809, -0.194327555807, -0.00967837696439, -2.05180525887, -0.00183934208482, 1.8570838346, -0.782886653787])
	set_joints([0.06, 0.06], [1.73494181372, -0.196871446242, 0.00968925764166, -1.94644718035, 0.00272891755871, 1.75010588243, -0.78806561481])
	set_joints([0.06, 0.06], [1.73475617257, -0.185069783767, 0.00996300753925, -1.82517154568, 0.00137274069537, 1.63933321977, -0.786473616995])

	# Brick 10
	# open gripper
	set_joints([0.06, 0.06], [1.73475241661, -0.158920566647, 0.00975822408786, -1.68701769709, 0.00152844203956, 1.52850746067, -0.787760860434])
	# going down
	set_joints([0.06, 0.06], [-1.17414320772, -0.301929026828, -0.00960180808344, -1.83272070576, -0.00371370210229, 1.53052944456, -1.96877153347])
	set_joints([0.06, 0.06], [-1.17412371617, -0.301862689173, -0.00984239955824, -1.832616937, -0.0028456169635, 1.52999027919, -1.96879732287])
	set_joints([0.06, 0.06], [-1.17486351016, -0.339940157749, -0.00974608812055, -2.1071210973, -0.00252974416779, 1.76709552777, -1.9681643922])
	set_joints([0.06, 0.06], [-1.17538574175, -0.310019768739, -0.00991064699549, -2.31574072118, -0.00277882399919, 2.00469231613, -1.9682924602])
	set_joints([0.06, 0.06], [-1.17608429918, -0.206780454929, -0.00985266051067, -2.46474444204, -0.0025170070747, 2.2583730841, -1.97037311425])
	# close gripper
	set_joints([0.06, 0.06], [-1.1763293048, -0.0257706591304, -0.00982318553313, -2.54525162479, -0.00242132776486, 2.51906128138, -1.97024713944])
	# going up

	set_joints([0, 0], [-1.1763293048, -0.0257706591304, -0.00982318553313, -2.54525162479, -0.00242132776486, 2.51906128138, -1.97024713944])
	set_joints([0, 0], [-1.1763293048, -0.0257706591304, -0.00982318553313, -2.54525162479, -0.00242132776486, 2.51906128138, -1.97024713944])
	set_joints([0, 0], [-1.17619703226, -0.20712913279, -0.00997518227718, -2.46472812054, -0.00234507778346, 2.25793435226, -1.97045828932])
	set_joints([0, 0], [-1.17638142847, -0.310087585392, -0.00893902923322, -2.31646200707, -0.00362317636751, 2.0068837278, -1.96800444044])
	set_joints([0, 0], [-1.17596380314, -0.340320945062, -0.00857549744083, -2.10733142587, -0.00319875451429, 1.76724488846, -1.96919919727])
	set_joints([0, 0], [-1.17588155153, -0.302089167425, -0.00814063054015, -1.83279272043, -0.00333504125376, 1.53031176102, -1.96844636259])
	set_joints([0, 0], [1.38474672834, -0.158617213025, 0.00995357773002, -1.68642742938, 0.000714885553482, 1.52793624203, 0.608491783235])
	# going down
	set_joints([0, 0], [1.38491682841, -0.158635273794, 0.00966110690302, -1.68639399126, 0.00196039856657, 1.52773727689, 2.35406823986])
	set_joints([0, 0], [1.38491682841, -0.158635273794, 0.00966110690302, -1.68639399126, 0.00196039856657, 1.52773727689, 2.35406823986])
	set_joints([0, 0], [1.38489551068, -0.197322652485, 0.01, -1.96558320285, 0.00107722096585, 1.76823131244, 2.35486628021])
	set_joints([0, 0], [1.38526286783, -0.168090997005, 0.00994961295062, -2.17195303283, 0.00254907858173, 2.00317776628, 2.35364411497])
	set_joints([0, 0], [1.38584959211, -0.071094166048, 0.00992214131502, -2.31422605239, 0.00126530492476, 2.24328425354, 2.35623478027])
	# open gripper
	set_joints([0, 0], [1.38574087431, 0.0922632497169, 0.01, -2.390497108, 0.000434306175803, 2.48269654736, 2.35622931117])
	# going up

	set_joints([0.06, 0.06], [1.38574087431, 0.0922632497169, 0.01, -2.390497108, 0.000434306175803, 2.48269654736, 2.35622931117])
	set_joints([0.06, 0.06], [1.38574087431, 0.0922632497169, 0.01, -2.390497108, 0.000434306175803, 2.48269654736, 2.35622931117])
	set_joints([0.06, 0.06], [1.38585140278, -0.07118909525, 0.00963233451069, -2.31409744171, 0.00159434508038, 2.24226489254, 2.35400575196])
	set_joints([0.06, 0.06], [1.38570547337, -0.168092041823, 0.00942608827939, -2.171879538, 0.00209257368082, 2.0030385107, 2.35425223299])
	set_joints([0.06, 0.06], [1.38564452101, -0.197352210678, 0.00920602494125, -1.96575474406, 0.00197441659666, 1.76839052755, 2.35375311316])

	# Brick 11
	# open gripper
	set_joints([0.06, 0.06], [1.38537702983, -0.158804194121, 0.00924971193896, -1.68690474471, 0.00144840960193, 1.528860419, 2.35494374316])
	# going down
	set_joints([0.06, 0.06], [-1.58379613648, -0.401206489402, 0.00970290947815, -1.92385292949, 0.00446521899715, 1.52194236396, -2.359103196])
	set_joints([0.06, 0.06], [-1.58379613648, -0.401206489402, 0.00970290947815, -1.92385292949, 0.00446521899715, 1.52194236396, -2.359103196])
	set_joints([0.06, 0.06], [-1.58272370234, -0.442712362211, 0.00987618140516, -2.19845267901, 0.0040586196592, 1.75682452818, -2.35942330525])
	set_joints([0.06, 0.06], [-1.58154476343, -0.414708522366, 0.00956781173139, -2.41129418248, 0.0044476907824, 1.99657353106, -2.36006052689])
	set_joints([0.06, 0.06], [-1.58092456229, -0.308403095455, 0.01, -2.56591385363, 0.00299939497794, 2.25814931779, -2.35948006292])
	# close gripper
	set_joints([0.06, 0.06], [-1.58031163645, -0.113907575177, 0.00991243017985, -2.65147841046, 0.00256165852872, 2.53658887643, -2.35780589213])
	# going up

	set_joints([0, 0], [-1.58031163645, -0.113907575177, 0.00991243017985, -2.65147841046, 0.00256165852872, 2.53658887643, -2.35780589213])
	set_joints([0, 0], [-1.58031163645, -0.113907575177, 0.00991243017985, -2.65147841046, 0.00256165852872, 2.53658887643, -2.35780589213])
	set_joints([0, 0], [-1.58067847375, -0.308395887539, 0.01, -2.56573048893, 0.00259512941667, 2.25759348977, -2.35805801408])
	set_joints([0, 0], [-1.58045088135, -0.414984911479, 0.00877713653252, -2.41170318908, 0.00437354855247, 1.99735224338, -2.35933263239])
	set_joints([0, 0], [-1.58092582579, -0.442320116261, 0.00838616048973, -2.1980675931, 0.00331425205601, 1.7565491765, -2.35857522952])
	set_joints([0, 0], [-1.58112074848, -0.401766158755, 0.00756258588979, -1.92450585175, 0.00350743460826, 1.52334411811, -2.35892698838])
	set_joints([0, 0], [1.38460959412, -0.158777603553, 0.00963419772215, -1.68649023284, 0.00233315318599, 1.52796407929, 0.609539827244])
	# going down
	set_joints([0, 0], [1.38460565683, -0.158269387724, 0.01, -1.686001758, 0.00108173099724, 1.52703343824, 2.35434652401])
	set_joints([0, 0], [1.38460565683, -0.158269387724, 0.01, -1.686001758, 0.00108173099724, 1.52703343824, 2.35434652401])
	set_joints([0, 0], [1.38472969732, -0.185339134087, 0.0098763732084, -1.82537831854, 0.0017744033993, 1.63915605984, 2.35459302209])
	set_joints([0, 0], [1.38491675341, -0.196807186357, 0.01, -1.94614389449, 0.000791102317514, 1.74952525911, 2.35455300846])
	set_joints([0, 0], [1.38504853076, -0.194474729089, 0.00976018764069, -2.05231116985, 0.00207444944501, 1.85908388706, 2.35528021893])
	# open gripper
	set_joints([0, 0], [1.3852084312, -0.177614397146, 0.00977154866329, -2.14356501641, 0.00221783468312, 1.96692173319, 2.35401155304])
	# going up

	set_joints([0.06, 0.06], [1.3852084312, -0.177614397146, 0.00977154866329, -2.14356501641, 0.00221783468312, 1.96692173319, 2.35401155304])
	set_joints([0.06, 0.06], [1.3852084312, -0.177614397146, 0.00977154866329, -2.14356501641, 0.00221783468312, 1.96692173319, 2.35401155304])
	set_joints([0.06, 0.06], [1.3854108893, -0.194305931589, 0.0095196621094, -2.05167891402, 0.00204063202097, 1.85769971475, 2.35395364764])
	set_joints([0.06, 0.06], [1.38529094146, -0.197143721952, 0.00929241104733, -1.94674122038, 0.00198121426147, 1.75011921931, 2.35361307356])
	set_joints([0.06, 0.06], [1.38524918067, -0.185480177322, 0.00926722220274, -1.82581736925, 0.00202275210676, 1.64068929457, 2.35380987679])

	# Brick 12
	# open gripper
	set_joints([0.06, 0.06], [1.38518889618, -0.158727168076, 0.00914186504587, -1.68642583224, 0.00258528254694, 1.52743378045, 2.35394379289])
	# going down
	set_joints([0.06, 0.06], [-1.94340025642, -0.302274191579, -0.01, -1.83318208952, -0.00187937154215, 1.53063876366, -2.73744583964])
	set_joints([0.06, 0.06], [-1.94340025642, -0.302274191579, -0.01, -1.83318208952, -0.00187937154215, 1.53063876366, -2.73744583964])
	set_joints([0.06, 0.06], [-1.94375233573, -0.340344785641, -0.01, -2.10716292796, -0.00310917724344, 1.76716704056, -2.73734647666])
	set_joints([0.06, 0.06], [-1.94514722516, -0.310020754666, -0.00925657951645, -2.31578202957, -0.00386112441027, 2.00496683229, -2.73694375162])
	set_joints([0.06, 0.06], [-1.94537114265, -0.207078747308, -0.00980498651909, -2.46476877041, -0.00389115495809, 2.25822347621, -2.73881179552])
	# close gripper
	set_joints([0.06, 0.06], [-1.94550233534, -0.0258003895445, -0.00984401301224, -2.5453514991, -0.000285986253281, 2.5189461608, -2.73980196445])
	# going up

	set_joints([0, 0], [-1.94550233534, -0.0258003895445, -0.00984401301224, -2.5453514991, -0.000285986253281, 2.5189461608, -2.73980196445])
	set_joints([0, 0], [-1.94550233534, -0.0258003895445, -0.00984401301224, -2.5453514991, -0.000285986253281, 2.5189461608, -2.73980196445])
	set_joints([0, 0], [-1.94569436899, -0.206677047578, -0.00947618771115, -2.46472358476, -0.00349211049956, 2.25864060628, -2.73794088143])
	set_joints([0, 0], [-1.94559958382, -0.31005230721, -0.0088353770622, -2.31630149255, -0.00373641838929, 2.00660945697, -2.73699836574])
	set_joints([0, 0], [-1.94517148619, -0.340379300433, -0.00872000165902, -2.10761907518, -0.00269109983705, 1.7684225977, -2.73840399205])
	set_joints([0, 0], [-1.94498244546, -0.302696345838, -0.00842453991437, -1.83374853331, -0.00227629539598, 1.53202079567, -2.73829245617])
	set_joints([0, 0], [1.03604991992, -0.157706561973, 0.01, -1.68572454017, 0.000880157818058, 1.5286669212, 0.259998679279])
	# going down
	set_joints([0, 0], [1.03615406734, -0.158076275168, 0.00982299829465, -1.68609235726, 0.00175810278119, 1.52899301341, 2.35467695855])
	set_joints([0, 0], [1.03615406734, -0.158076275168, 0.00982299829465, -1.68609235726, 0.00175810278119, 1.52899301341, 2.35467695855])
	set_joints([0, 0], [1.03624622688, -0.196550743079, 0.00979060007581, -1.96515413561, 0.00189052347639, 1.76911448488, 2.3552042908])
	set_joints([0, 0], [1.03682408166, -0.167169857158, 0.00991124303728, -2.17133052098, 0.00191430445034, 2.00544047737, 2.35416596073])
	set_joints([0, 0], [1.03715217769, -0.0699062142326, 0.00994907505657, -2.31250640217, 0.000378636874646, 2.24182592946, 2.35545860495])
	# open gripper
	set_joints([0, 0], [1.03713571112, 0.0928508796597, 0.0099372037886, -2.38922335838, 0.000577318165767, 2.48199592077, 2.35643044362])
	# going up

	set_joints([0.06, 0.06], [1.03713571112, 0.0928508796597, 0.0099372037886, -2.38922335838, 0.000577318165767, 2.48199592077, 2.35643044362])
	set_joints([0.06, 0.06], [1.03713571112, 0.0928508796597, 0.0099372037886, -2.38922335838, 0.000577318165767, 2.48199592077, 2.35643044362])
	set_joints([0.06, 0.06], [1.03715346693, -0.0699091198898, 0.00987494532643, -2.31252884157, 0.00143717237976, 2.24166233689, 2.35478356648])
	set_joints([0.06, 0.06], [1.0370621463, -0.166902438821, 0.00968191643748, -2.17079649325, 0.00191007565853, 2.00297812359, 2.35398305789])
	set_joints([0.06, 0.06], [1.03690344593, -0.196368291891, 0.00930863808122, -1.96486314677, 0.00222669896591, 1.76889178292, 2.35369930874])

	# Brick 14
	# open gripper
	set_joints([0.06, 0.06], [1.03663948174, -0.157837420324, 0.00918974879073, -1.68584241364, 0.0020594061606, 1.52854940359, 2.35485734746])
	# going down
	set_joints([0.06, 0.06], [-1.25935088314, -0.0361613112592, 0.00997105767748, -1.54765377356, 0.000292477392093, 1.51259097431, -2.03389792308])
	set_joints([0.06, 0.06], [-1.25935088314, -0.0361613112592, 0.00997105767748, -1.54765377356, 0.000292477392093, 1.51259097431, -2.03389792308])
	set_joints([0.06, 0.06], [-1.25942626966, -0.0798355103314, 0.00993947381029, -1.83679597356, 0.000143098118827, 1.75618629839, -2.03414529309])
	set_joints([0.06, 0.06], [-1.25912424421, -0.0544635175006, 0.00987709777695, -2.04494350806, -2.37674864643e-05, 1.99090346634, -2.03400135733])
	set_joints([0.06, 0.06], [-1.25882783309, 0.0360203942924, 0.00998469699699, -2.18388546433, -0.00165160088836, 2.21964010488, -2.03332573121])
	# close gripper
	set_joints([0.06, 0.06], [-1.25854371017, 0.186475056493, 0.00962917912084, -2.25677620437, -0.0024729222748, 2.44210565323, -2.03191563157])
	# going up

	set_joints([0, 0], [-1.25854371017, 0.186475056493, 0.00962917912084, -2.25677620437, -0.0024729222748, 2.44210565323, -2.03191563157])
	set_joints([0, 0], [-1.25854371017, 0.186475056493, 0.00962917912084, -2.25677620437, -0.0024729222748, 2.44210565323, -2.03191563157])
	set_joints([0, 0], [-1.25892045334, 0.0359843072091, 0.00998171498795, -2.1840960218, -0.00110330822938, 2.22103816705, -2.03305573282])
	set_joints([0, 0], [-1.25908597463, -0.0544377707399, 0.00984288979831, -2.04469110237, 0.00134368629439, 1.99055764013, -2.0345439002])
	set_joints([0, 0], [-1.259212951, -0.079794393158, 0.00981215847434, -1.83677309962, -0.00027019000243, 1.75663978892, -2.03530309643])
	set_joints([0, 0], [-1.25905771842, -0.0357105529087, 0.01, -1.54682615081, -0.000218128820487, 1.51154975873, -2.03384149672])
	set_joints([0, 0], [1.03616138484, -0.157564426486, 0.00997589504762, -1.6854543863, 0.000725625331795, 1.52819592468, 0.260595624039])
	# going down
	set_joints([0, 0], [1.03629561259, -0.157512711602, 0.00979057392336, -1.68502062509, 0.000746669227018, 1.52732524441, 2.35445510263])
	set_joints([0, 0], [1.03629561259, -0.157512711602, 0.00979057392336, -1.68502062509, 0.000746669227018, 1.52732524441, 2.35445510263])
	set_joints([0, 0], [1.03633753622, -0.184116417838, 0.00981586233133, -1.82386763392, 0.000790045920533, 1.63964465099, 2.35452841188])
	set_joints([0, 0], [1.03642205046, -0.19547152635, 0.00977751509882, -1.94467683206, 0.00192386857587, 1.748521751, 2.35490972354])
	set_joints([0, 0], [1.03659834967, -0.193215632225, 0.00966852872546, -2.05053728704, 0.00240629677316, 1.85703666982, 2.35354894033])
	# open gripper
	set_joints([0, 0], [1.03673436986, -0.176169890618, 0.00959259337173, -2.14193936476, 0.00286327098024, 1.96594265902, 2.35332734721])
	# going up

	set_joints([0.06, 0.06], [1.03673436986, -0.176169890618, 0.00959259337173, -2.14193936476, 0.00286327098024, 1.96594265902, 2.35332734721])
	set_joints([0.06, 0.06], [1.03673436986, -0.176169890618, 0.00959259337173, -2.14193936476, 0.00286327098024, 1.96594265902, 2.35332734721])
	set_joints([0.06, 0.06], [1.03664728964, -0.193494687893, 0.00965454712947, -2.05102011541, 0.0023044443106, 1.85817106329, 2.3543594404])
	set_joints([0.06, 0.06], [1.03664807684, -0.195758590397, 0.00945071505142, -1.94512186079, 0.00276608618752, 1.74918027205, 2.35401359127])
	set_joints([0.06, 0.06], [1.03656155432, -0.184545605797, 0.00938756865836, -1.82480191727, 0.00233581854384, 1.64076288399, 2.35386652506])

	# Brick 15
	# open gripper
	set_joints([0.06, 0.06], [1.03645136488, -0.157268091577, 0.00955839324245, -1.68489133676, 0.00107861166537, 1.52739127376, 2.35448242216])
	# going down
	set_joints([0.06, 0.06], [-1.55993709298, -0.125080209529, -0.01, -1.6490745081, -0.00109865966557, 1.52275874301, -2.35507800029])
	set_joints([0.06, 0.06], [-1.55997125711, -0.126280945602, -0.00981007598744, -1.65096738529, -0.00146819798694, 1.52553103944, -2.35597364365])
	set_joints([0.06, 0.06], [-1.56016137041, -0.1653453204, -0.00971852715755, -1.93195220964, -0.0019478946665, 1.76645185743, -2.35401737581])
	set_joints([0.06, 0.06], [-1.56036762541, -0.136824966847, -0.01, -2.13841510451, -0.000530934919452, 2.00177974487, -2.35462604452])
	set_joints([0.06, 0.06], [-1.56085641563, -0.0419009855246, -0.00975172962655, -2.27941533084, -0.00114328404125, 2.23778227521, -2.35453109286])
	# close gripper
	set_joints([0.06, 0.06], [-1.56099770072, 0.118018359955, -0.00967965393981, -2.35426807819, 0.00165583249696, 2.47109473611, -2.3572824409])
	# going up

	set_joints([0, 0], [-1.56099770072, 0.118018359955, -0.00967965393981, -2.35426807819, 0.00165583249696, 2.47109473611, -2.3572824409])
	set_joints([0, 0], [-1.56099770072, 0.118018359955, -0.00967965393981, -2.35426807819, 0.00165583249696, 2.47109473611, -2.3572824409])
	set_joints([0, 0], [-1.56067854129, -0.0416027530558, -0.01, -2.27938656064, 0.000224666598521, 2.23816385979, -2.35585959448])
	set_joints([0, 0], [-1.56042927602, -0.136605348849, -0.00997395781572, -2.13791331498, -0.000283784190444, 2.00119690283, -2.35559550119])
	set_joints([0, 0], [-1.56038587718, -0.165167067991, -0.009629855151, -1.9313883943, -0.00111928107881, 1.76542432062, -2.35410907143])
	set_joints([0, 0], [-1.56023815593, -0.126162500194, -0.00946243874565, -1.6510458346, -0.00162959537683, 1.52537506769, -2.35430527715])
	set_joints([0, 0], [0.708758445526, -0.158291635994, -0.01, -1.68617812244, -0.00145495657275, 1.52839910061, -0.0875746789281])
	# going down
	set_joints([0, 0], [0.686517606689, -0.15871424721, 0.01, -1.68685175215, 0.00131304361228, 1.52897396219, 2.35424467993])
	set_joints([0, 0], [0.686517606689, -0.15871424721, 0.01, -1.68685175215, 0.00131304361228, 1.52897396219, 2.35424467993])
	set_joints([0, 0], [0.686622304757, -0.197483800363, 0.00978241800753, -1.96607686852, 0.00253739702601, 1.76872299344, 2.35358875003])
	set_joints([0, 0], [0.686830994014, -0.167663585699, 0.01, -2.17168772649, 0.00281408935692, 2.00370907755, 2.35438583093])
	set_joints([0, 0], [0.687417788696, -0.0708025866172, 0.00987545064657, -2.31347721726, 0.00104155604226, 2.24138503522, 2.35578665672])
	# open gripper
	set_joints([0, 0], [0.687824464687, 0.0923673264243, 0.00973169834862, -2.39005233025, -0.00252137170812, 2.48287550304, 2.35763320903])
	# going up

	set_joints([0.06, 0.06], [0.687824464687, 0.0923673264243, 0.00973169834862, -2.39005233025, -0.00252137170812, 2.48287550304, 2.35763320903])
	set_joints([0.06, 0.06], [0.687824464687, 0.0923673264243, 0.00973169834862, -2.39005233025, -0.00252137170812, 2.48287550304, 2.35763320903])
	set_joints([0.06, 0.06], [0.687508002786, -0.0708468250729, 0.00990505378767, -2.3140020047, 0.000196203005699, 2.24339910365, 2.35500571347])
	set_joints([0.06, 0.06], [0.687487880476, -0.167532518317, 0.00956677391502, -2.17162003992, 0.00129354594454, 2.00374987407, 2.35418780158])
	set_joints([0.06, 0.06], [0.687304244752, -0.197607060476, 0.0094040054281, -1.96650289504, 0.00187212778208, 1.77002515075, 2.35556946855])

	# Brick 16
	# open gripper
	set_joints([0.06, 0.06], [0.687142176445, -0.158303082733, 0.00897065102164, -1.68594372943, 0.00268091615762, 1.52766142594, 2.35493724114])
	# going down
	set_joints([0.06, 0.06], [-1.9027651695, -0.0355463227982, 0.00977115030225, -1.54646704858, 0.00125225450502, 1.5106960309, -2.67847157671])
	set_joints([0.06, 0.06], [-1.9027651695, -0.0355463227982, 0.00977115030225, -1.54646704858, 0.00125225450502, 1.5106960309, -2.67847157671])
	set_joints([0.06, 0.06], [-1.90280384725, -0.0798800319435, 0.0098048310945, -1.83668846353, 0.00159771770618, 1.75648642541, -2.67822922572])
	set_joints([0.06, 0.06], [-1.90278533712, -0.0541809077529, 0.00989695979502, -2.04395270075, 0.00159570368751, 1.98927271639, -2.67805840576])
	set_joints([0.06, 0.06], [-1.90234325436, 0.0359888603496, 0.00992616296566, -2.18366368645, -0.00152599834614, 2.21927707759, -2.67605573086])
	# close gripper
	set_joints([0.06, 0.06], [-1.90243283716, 0.186349354773, 0.00999210366501, -2.25753434957, -0.00181091319625, 2.44456013263, -2.67587954988])
	# going up

	set_joints([0, 0], [-1.90243283716, 0.186349354773, 0.00999210366501, -2.25753434957, -0.00181091319625, 2.44456013263, -2.67587954988])
	set_joints([0, 0], [-1.90243283716, 0.186349354773, 0.00999210366501, -2.25753434957, -0.00181091319625, 2.44456013263, -2.67587954988])
	set_joints([0, 0], [-1.90234975592, 0.035911101922, 0.01, -2.18339862737, -0.00108342640452, 2.21812166487, -2.67774903645])
	set_joints([0, 0], [-1.90272110124, -0.0543547376159, 0.01, -2.04463895066, -0.000662770563084, 1.99082157625, -2.67882242025])
	set_joints([0, 0], [-1.90293739416, -0.0801986614514, 0.0097722095001, -1.83743923334, 0.00100170596842, 1.75770892101, -2.67781856208])
	set_joints([0, 0], [-1.90277090178, -0.0358151278852, 0.00999118880602, -1.5470887045, 0.000384042876268, 1.51236936156, -2.67801848072])
	set_joints([0, 0], [0.686468890301, -0.158706736736, 0.00966195659494, -1.68678744168, 0.00227440956477, 1.52889144318, -0.0893315334641])
	# going down
	set_joints([0, 0], [0.686424276356, -0.15858183551, 0.0097943121275, -1.68661947665, 0.00223461021001, 1.52817313117, 2.35481681316])
	set_joints([0, 0], [0.686457510493, -0.158631185084, 0.00978449162102, -1.68653661787, 0.00127617941404, 1.52879862777, 2.35441228516])
	set_joints([0, 0], [0.686545719369, -0.185038320721, 0.00984198082018, -1.82485031768, 0.00113247200946, 1.63956776258, 2.35391530653])
	set_joints([0, 0], [0.686612450511, -0.196234414261, 0.00987332749851, -1.94540904274, 0.001831872491, 1.74858708412, 2.35483058189])
	set_joints([0, 0], [0.686754491075, -0.193866048758, 0.00975564179259, -2.05133303039, 0.00293310624221, 1.85735056835, 2.35415853791])
	# open gripper
	set_joints([0, 0], [0.687060735668, -0.176729230944, 0.00977489671848, -2.1423850634, 0.00242734743448, 1.96485346428, 2.35537807354])
	# going up

	set_joints([0.06, 0.06], [0.687060735668, -0.176729230944, 0.00977489671848, -2.1423850634, 0.00242734743448, 1.96485346428, 2.35537807354])
	set_joints([0.06, 0.06], [0.687060735668, -0.176729230944, 0.00977489671848, -2.1423850634, 0.00242734743448, 1.96485346428, 2.35537807354])
	set_joints([0.06, 0.06], [0.687089829126, -0.194034205312, 0.00952671671774, -2.05161834217, 0.00275343431618, 1.85738007455, 2.35451747094])
	set_joints([0.06, 0.06], [0.686970167456, -0.196629987451, 0.00952904498907, -1.94603652862, 0.00132669833275, 1.74983893548, 2.35401296569])
	set_joints([0.06, 0.06], [0.686949168531, -0.185020855452, 0.0092915357008, -1.82501374029, 0.00282087746975, 1.63993908273, 2.35441951126])
	set_joints([0.06, 0.06], [0.686859898214, -0.158306258409, 0.0093039156902, -1.68600058249, 0.00190513320109, 1.52757307627, 2.35411001692])

	# Knocking
	set_joints([0, 0], [0.687824464687-0.4, 0.0923673264243, 0.00973169834862, -2.39005233025, -0.00252137170812, 2.48287550304, 2.35763320903])
	set_joints([0, 0], [0.687824464687+0.2, 0.0923673264243, 0.00973169834862, -2.39005233025, -0.00252137170812, 2.48287550304, 2.35763320903])
